0.12802514725180821897332  0.58720664082766194091789
0.59639271217993716778238  0.12131107516708883320433
0.25174718466750084511219  0.15631580553605761707558
0.82006286812952056131110  0.40110477004303107806393
0.32761619922482987377066  0.88045899838251895364039
0.70097964415417945982512  0.87411114841151160703703
0.73525193029572433189855  0.65623950926236762626331
0.94198431348612932101361  0.75255592516861480323342
0.37549974059266943982038  0.66835535752433850031906
0.82753990295113988295839  0.16800439466536454258261
0.39912106692709126143370  0.32847071749015777086811
0.03134250923184911385988  0.87319559312723171728976
0.72627948850978119033073  0.84127323221533856223431
0.54341257972960599342827  0.58619953001495406219590
0.63863032929471719167935  0.55366679891354109166457
0.24710837122714926494815  0.38377025666066466591531
0.22467726676229132776186  0.74367503891109953961802
0.17828913235877560938825  0.04968413342692343248608
0.96005127109591970047120  0.00454725791192358164833
0.99694814905240025648681  0.78411206396679589136767
0.20346690267647327132750  0.88140507217627495073486
0.70311593981749931359104  0.18091372417371134884156
0.89068269905697805555178  0.91549424726096373383655
0.12842188787499619895272  0.87874996185186315944549
0.20590838343455306058694  0.75347148045289469298069
0.23392437513351849176502  0.79186376537369917993914
0.51414532914212474068449  0.47697378460036010672241
0.74587237159337138603377  0.32782982879116184804502
0.33347575304422133468663  0.80932035279396952187625
0.16083254493850521193998  0.49732963042085026605932
0.63051240577410194720898  0.35529648731955931761917
0.65117343668935212530613  0.32297738578447826585105
0.21860408337656789257153  0.53065584276863919654943
0.90194402905362103251008  0.45329142124698629245927
0.54142887661366623230919  0.33692434461500903042364
0.41074861903744619429091  0.38782921842097234366165
0.62218085268715472846424  0.63859981078524119535444
0.28208258308664202473892  0.22009949034089174024764
0.46024964140751367658311  0.09814752647480697034243
0.04654072695089572081484  0.30408642841883604113207
0.65636158330027161156295  0.42570268868068483758549
0.53703421124912253947770  0.75090792565691089066604
0.54731894894253363403891  0.09949034089175085027179
0.35270241401409957449076  0.16202276680806909636701
0.63209936826685386712654  0.21295815912350840592993
0.94216742454298529896306  0.50474562822351753954564
0.56990264595477158060532  0.60536515396588030935021
0.83684804834131898410021  0.53657643360698259460406
0.53187658314767904954579  0.93176061281167033012451
0.06631672109134190140622  0.68489638966032895250891
0.18756675923947874196074  0.82854701376384776168038
0.28638569292275767308453  0.78777428510391556137904
0.10736411633655812414290  0.83108005005035556767012
0.65105136265144814000649  0.60228278450880456951211
0.86230048524430069623037  0.19962157048249762336667
0.96026490066225167474556  0.48686178167058319354865
0.60206915494247259523775  0.30939664906765951268852
0.11407818842127750991189  0.16357921079134496444851
0.39341410565507978214228  0.76174199652088991907561
0.40491958372753072969985  0.96688741721854309929540
0.09887997070223090989582  0.87182226020081177164656
0.67857905819879760223046  0.48463393047883540631915
0.07812738425855281221288  0.68990142521439257183857
0.89611499374370551240787  0.99844355601672418742965
0.49290444654683063241407  0.21189001129184850680254
0.12686544389172033087121  0.62858973967711417873971
0.49641407513657032080090  0.93563646351512197441025
0.50495925778984951382000  0.59059419537949764400508
0.08902249214148380551670  0.41898861659596547957207
0.17932676168095951219073  0.46928312021240881080075
0.92117069002349927231421  0.99652088991973630793808
0.78966643269142733352339  0.91662343211157570888048
0.82457960753196812841992  0.31003753776665549102276
0.49848933378093812640586  0.67958616901150548095245
0.35349589526047547893839  0.81060213019196147854473
0.11166722617267373085514  0.36466566972869046692196
0.11691640980254523751736  0.88668477431562242596641
0.31766716513565479429460  0.84450819421979428369696
0.18283639027069917282198  0.77608569597460863587202
0.57725760673848691695298  0.71370586260567037140135
0.33628345591601305208940  0.91723380230109563537866
0.69508957182531205809539  0.69960631122775962520421
0.47206030457472458738977  0.89580980864894554915878
0.60380870998260449677986  0.43421735282448803427968
0.90331736198004086713098  0.64381847590563678895847
0.39265114291817987401956  0.49418622394482253357140
0.86764122440260016411173  0.04663228247932370978956
0.11120944853053377210372  0.11401715140232551726207
0.01156651509140293673794  0.61439863277077544356786
0.37995544297616506979054  0.47975096896267588331142
0.13480025635547959739213  0.37424848170415359049912
0.33848078859828484299399  0.00894192327646717820266
0.97552415540025028128923  0.63963744010742518142365
0.96316415906247143663421  0.52302621539963989327759
0.31781975768303477591914  0.81246375926999725436417
0.28489028595843379765284  0.71877193517868587235853
0.20291756950590533747913  0.87511825922421948575902
0.53880428479873043734472  0.84447767571031828737205
0.52491836298715166542195  0.72780541398358100657617
0.77651295510727258442074  0.98788415173802912594425
0.79262672811059908806186  0.02822962126529740198300
0.97283852656636249367494  0.88137455366679895440996
0.33863338114566482461854  0.68916898098696854901846
0.15759758293404949047734  0.63112277596362198472946
0.75710318308053836666716  0.69048127689443650201184
0.60444959868160041960294  0.27628406628620255647277
0.85091708120975373397243  0.36213263344218266093222
0.60707419049653610354511  0.58455153050325026065082
0.87023529770805996275129  0.79403057954649491900767
0.87505722220526749310920  0.99026459547715695030945
0.32316049684133424380050  0.52873317667165131705787
0.07974486526078065906642  0.08120975371562852429541
0.13989684743797112242980  0.19415875728629414243009
0.58211004974517044363580  0.54100161748100217273816
0.47166356395153657965480  0.23172704245124667310485
0.87298196356089963199310  0.95196386608478045232573
0.90566728720969269517127  0.37626270332956940345426
0.75801873836481825641442  0.36640522476882231295292
0.37739188818018126747589  0.04440443128757591562117
0.81774346140934472959572  0.05114902188177129771507
0.56135746330149238758622  0.28751487777336953710616
0.17413861507003997042276  0.31257057405316324150135
0.02148503067110202335854  0.46491897335734122531647
0.09540086062196721783391  0.80755027924436173503153
0.90285958433790092225735  0.29441206091494492858018
0.46961882381664477037475  0.24729148228400524289761
0.44523453474532304063871  0.43586535233619189133591
0.67894528031250955812936  0.89999084444715715669361
0.10058900723288674572409  0.26435132908108766036648
0.90530106509598073927236  0.79821161534470652654250
0.53517258217108676365825  0.98889126255073700466625
0.39924314096499524673334  0.05816827906125064673315
0.29737235633411662760750  0.77303384502700889235882
0.74260689107943966824621  0.21610156559953611066227
0.43339335306863613350714  0.01400799584948271211959
0.63676870021668141585991  0.98867763298440503039188
0.83089693899349958972067  0.43610950041199986193519
0.24750511185033721717197  0.36329233680227057678991
0.57267983031708735719434  0.15454573198644977471972
0.63774529251991329825699  0.42524491103854489271185
0.08145390179143650877247  0.36664937284463028355219
0.31937620166631064400065  0.82671590319528798218585
0.33658864101077301533849  0.82616657002471993731518
0.45567186498611406131332  0.30512405774101991617897
0.94466994232001710862789  0.75679799798577840341807
0.74498733481856749261141  0.15640736106448560605031
0.34458449049348427450923  0.36176641132847070503331
0.51771599475081642172114  0.06949064607684560246348
0.92895290993987855721059  0.58500930814539020552445
0.07721182897427289471004  0.22864467299417096102232
0.36231574449903869439282  0.28086184270760217174256
0.81609546189764092805063  0.08932767723624378264358
0.87841425824762719987149  0.44798120059816276539166
0.13919492172002320695690  0.73433637501144444215129
0.83672597430341499880058  0.68416394543290504071109
0.72450941496017329246371  0.21619312112796409963700
0.32032227546006653007282  0.51780755027924441069587
0.15308084353160192336851  0.79219946897793513951314
0.05606250190740684480328  0.77306436353648488868373
0.43952757347331156134729  0.45808282723471788200342
0.43787957396160770429105  0.62388988921781063368144
0.49394207586901456297213  0.68709372234260079892465
0.93533127842036190013886  0.49421674245429852989631
0.04696798608355967630246  0.78008362071596426545739
0.66777550584429457014579  0.45991393780327766149796
0.06872768333994568046297  0.73332926419873656342929
0.42616046632282478245912  0.30899990844447156046471
0.21341593676564837855913  0.03018280587176122228832
0.92294076357310705915893  0.91619617297891176033175
0.32020020142216254477319  0.26285592211676384044594
0.55207983642078917174700  0.08816797387615589454146
0.50245674001281781517747  0.99026459547715695030945
0.44004638813440349887074  0.53624073000274663503006
0.85573900570696126433035  0.73870052186651202763557
0.06875820184942167678788  0.13129062776573990900530
0.31626331369975890783763  0.55146946623126924524882
0.25244911038544876058509  0.09921567430646686946982
0.70128482924893953409651  0.99307229834894861220107
0.74904629657887511484660  0.31125827814569534401912
0.46186712240974148180328  0.01535081026642658857950
0.28757591479232152975598  0.32673116245002592483715
0.18030335398419142234339  0.59074678792687762562963
0.29306924649800103477304  0.34385204626606036271141
0.34263130588702045420391  0.51954710531937620121568
0.08966338084047975609536  0.71492660298471022439770
0.41770683919797357841475  0.31730094302194278288454
0.86361278115176853820145  0.18231757560960723529853
0.77459028901028470492918  0.58842738120670190493655
0.16742454298532058465376  0.49147007660145880514335
0.46858119449446089532785  0.79247413556321910643732
0.24604022339548936582077  0.53688161870174255785315
0.42799157689138461746481  0.80913724173711354392680
0.96676534318063900297346  0.69774468214972384938477
0.07229834894863734762183  0.20834986419263282209080
0.63362529374065368337199  0.51921140171514024164168
0.89355143894772182111552  0.63203833124790187447672
0.46827600939970093207876  0.39561143833735162855803
0.03134250923184911385988  0.19272438734092225964822
0.03756828516495254455254  0.41196935941648610279842
0.37391277809991757541397  0.29679250465407269743423
0.41013824884792626779273  0.99975585192419202940073
0.21515549180578019683452  0.79729606006042663679523
0.32230597857600634670305  0.56346324045533613400494
0.00009155552842799157681  0.88308359019745474860486
0.13547166356395154429570  0.73439741203039643480110
0.18915372173223060636715  0.61098055970946374415576
0.86547441022980442504320  0.40702536088137453162972
0.77294228949858090338410  0.48619037446211127440066
0.06534012878810999125356  0.21555223242896817681391
0.46861171300393689165276  0.99829096346934420580510
0.84325693533127843437569  0.60560930204168827994948
0.12927640614032409605016  0.51802117984557638497023
0.79604480117191078747396  0.15805536057618946310654
0.39744254890591140805256  0.46241645558030947116279
0.14035462508011109505901  0.32126834925382241614500
0.13364055299539170929002  0.13278603473006378443699
0.82207708975493631875509  0.20740379039887690826305
0.65227210303048799300285  0.13370159001434370193984
0.88543351542710657664514  0.60982085634937588380922
0.29450361644337291755491  0.77776421399578843374201
0.88357188634907068980340  0.89703054902798551317744
0.37122714926602984331083  0.38291573839533676881786
0.61088900418103575518103  0.94024475844599753049380
0.00564592425305948057007  0.86907559434797199138245
0.93914609210486155177477  0.73009430219428084196664
0.90798669392986841586435  0.55928220465712452647011
0.03827021088290048084213  0.83925901058992280479032
0.61275063325907164202277  0.59257789849543751614647
0.76332895901364172797088  0.38673055207983642045377
0.21045564134647665177624  0.85412152470473345911017
0.48841822565385906163016  0.66081728568376718602195
0.10455641346476637898455  0.82949308755760364775256
0.16946928312021242168939  0.05597094637897884888966
0.82494582964568008431883  0.28879665517136143826349
0.91653187658314771990575  0.48078859828485975835832
0.42948698385570849289650  0.20725119785149692663850
0.85723441267128508425088  0.89275795770134591666789
0.52479628894924768012231  0.82827234717856379475620
0.57237464522232739394525  0.11621448408459730816666
0.43696401867732781454379  0.27536851100192266672551
0.88521988586077460237078  0.59999389629810484514394
0.56453138828699611639905  0.61925107577745908127298
0.28537858211004973885139  0.27018036439100312495754
0.44376964629047516153193  0.80608539078951380041360
0.76879177220984529217418  0.13562425611133152592025
0.55861079744865260732212  0.35343485824152348628857
0.37491988891262550964711  0.80101931821649829945642
0.42551957762382885963603  0.22009949034089174024764
0.20258186590166935014956  0.54466383861812184274953
0.98541215247047331260433  0.75588244270149851367080
0.18536942655720695105614  0.11700796533097324036987
0.83309427167577132511411  0.13766899624622333520030
0.40821558275093844381232  0.91613513595995976768194
0.31608020264290292988818  0.19827875606555375731510
0.24625385296182134009513  0.69603564561906794416757
0.03387554551835688515515  0.05395672475356303593452
0.10696737571337015804129  0.46510208441419720326593
0.76854762413403732157491  0.43714712973418379249324
0.05743583483382671411865  0.72972808008056888606774
0.37846003601184119435885  0.14020203253273111343447
0.11734366893520919994387  0.73995178075502787695683
0.68620868556779690550229  0.47721793267616807732168
0.49934385204626607901446  0.89345988341929383214080
0.89172032837916193059868  0.16919461653492842700963
0.57789849543748283977607  0.95400860621967220609463
0.54210028382213815145718  0.55967894528031247869393
0.86797692800683612368573  0.24048585467085786815389
0.58946501052888577998345  0.56630146183660390324377
0.79467146824549084183076  0.44294564653462326075939
0.56767479476302373786467  0.27536851100192266672551
0.53514206366161076733334  0.22180852687154758995369
0.41969054231391339504498  0.58500930814539020552445
0.71404156620990633097534  0.24662007507553332374961
0.00659199804681539353046  0.80330820642719813484689
0.23364970854823449708526  0.83043916135135964484704
0.82915738395336768817856  0.60795922727134010798977
0.02023377178258613934281  0.81609546189764092805063
0.99392681661427650929852  0.27356791894283882804473
0.96743675038911103314376  0.87099826044495987087402
0.95455793939024013994299  0.57252723776970737556979
0.85818048646504108134536  0.84578997161778624036543
0.05972472304452650787576  0.25605029450361643794665
0.54661702322458571856600  0.35435041352580337603584
0.43913083285012360912347  0.52171391949217205130651
0.18082216864528335986684  0.23035370952482681072837
0.25824762718588822885124  0.37333292641987364524070
0.74788659321878714347775  0.01709036530655842767157
0.87398907437360762173739  0.27982421338541824118451
0.72225104525894956442045  0.14688558610797447512297
0.92156743064668722453803  0.03918576616718039834497
0.09936826685384686497216  0.96606341746269108750056
0.86449781792657243162381  0.25345622119815669481824
0.59486678670613724051464  0.26181829279457990988789
0.03860591448713644735502  0.32184820093386640182942
0.29108554338206121814281  0.44773705252235479479239
0.72170171208838163057209  0.35703604235969116365013
0.51237525559251684281747  0.06299020355845820484664
0.25925473799859616308439  0.93218787194433427867324
0.20981475264748070119758  0.74303415021210361679493
0.77880184331797230878891  0.06369212927640613419733
0.63731803338724934970827  0.31666005432294686006145
0.52284310434278391532814  0.33704641865291301572327
0.59953611865596478924800  0.18665120395519882445790
0.33246864223151340045348  0.58110293893246256491381
0.05374309518723105472127  0.64961699270607620171347
0.31241798150578325987681  0.99765007477034817195971
0.34626300851466412789037  0.31165501876888335175408
0.20926541947691273959364  0.15222632526627399851549
0.86489455854976038384763  0.25608081301309243427156
0.53346354564043096946335  0.73262733848078864795639
0.38856166264839625545946  0.11905270546586504964992
0.95709097567674794593273  0.48103274636066772895759
0.91576891384624770076073  0.72991119113742486401719
0.01782280953398236028606  0.20645771660512099443530
0.25238807336649676793527  0.47218237861262857268940
0.66148869289223910516995  0.28336436048463392589625
0.14087343974120303258246  0.02142399365215003070873
0.65276039918210393420139  0.54283272804956206325500
0.21143223364970856192890  0.61641285439619131203415
0.38724936674092835797723  0.96270638142033138073828
0.53691213721121855417806  0.51963866084780419019040
0.13458662678914762311777  0.06268501846369822771976
0.07223731192968535497201  0.82360301522873624602283
0.24463637195959350711938  0.41087069307535017959054
0.76027710806604209547999  0.25907162694174018513493
0.34781945249793999597188  0.14770958586382640365109
0.58430738242744229005154  0.16156498916592912373780
0.08081301309244057207160  0.93398846400341806184286
0.34983367412335580892702  0.25205236976226080836128
0.36896877956480605975642  0.22858363597521896837250
0.47532578508865624966617  0.38874477370525223340891
0.79638050477614674704796  0.30298776207770011792419
0.57460249641407512566360  0.94552446058534500572534
0.09546189764091922436151  0.89809869685964538454925
0.11120944853053377210372  0.97366252632221439444749
0.28659932248908964735890  0.92971587267677846533331
0.90633869441816461431927  0.80309457686086616057253
0.49958800012207404961373  0.14960173345133823130659
0.78145695364238410007829  0.23935666982024597637668
0.00790429395428327366546  0.16736350596636859200395
0.11713003936887722566951  0.01223792229987487496790
0.50730918301950134186029  0.74031800286873994387804
0.60905789361247597568649  0.63313699758903774217345
0.16937772759178440495909  0.73665578173162027386667
0.00228888821069978942030  0.31620227668080691518782
0.50230414746543783355293  0.67943357646412549932791
0.08587908566545610078435  0.12088381603442488465561
0.54899746696371354293120  0.27616199224829857117314
0.72777489547410501025126  0.97097689748832671785550
0.45472579119235817524114  0.84154789880062252915849
0.23267311624500258693260  0.70680867946409497992732
0.93505661183507793321468  0.01852473525193029657565
0.80288094729453418629816  0.82741782891323589765875
0.67525254066591389179308  0.70491653187658309676067
0.38425855281228066262500  0.07773064363536484611128
0.19275490585039825597313  0.59092989898373360357908
0.67799920651875367205719  0.53831598864711449614617
0.19382305368205815510052  0.21463667714468825931107
0.59974974822229687454467  0.37284463026825770404216
0.95544297616504414438765  0.94103823969237343494143
0.96725363933225505519431  0.89037751396221809230269
0.76381725516525778019172  0.77114169743949700919217
0.69762260811181986408513  0.07803582873012482323816
0.94103823969237343494143  0.38770714438306835836201
0.29596850489822079666169  0.26111636707663199441498
0.49055452131717885988493  0.34318063905758844356342
0.91592150639362768238527  0.04565569017609179963690
0.89342936490981783581589  0.79680776390881069559669
0.77370525223548081150682  0.20120853297524948777308
0.08563493758964811630729  0.70641193884090702770351
0.19736320078127383981226  0.63884395886104927697602
0.14896084475234230848351  0.88198492385631888090813
0.09149449140903957722326  0.14120914334543901991204
0.74553666798913542645977  0.80642109439374975998760
0.09961241492965483557143  0.00106814783165990172947
0.82787560655537584253238  0.63039033173619796190934
0.24478896450697348874392  0.22379222998748740658392
0.65569017609179969241495  0.24716940824610125759797
0.33030182805871760587380  0.45091097750785852360522
0.65044099246192821350832  0.85366374706259351423654
0.88100833155308699851105  0.26056703390606400505547
0.11920529801324503127447  0.90426343577379675320316
0.90728476821192050039144  0.00119022186956389049856
0.37870418408764916495812  0.86339915158543656392709
0.27213354899746694526286  0.81441694387646101915834
0.31107516708883936606966  0.66310617389446702141242
0.94366283150730922990590  0.00390636921292764061064
0.88271736808374279270595  0.27216406750694294158777
0.91259498886074408297020  0.40620136112552263085718
0.65678884243293556011167  0.28238776818140204349916
0.05807672353282265775842  0.91946165349284336709701
0.83187353129673147211776  0.91924802392651139282265
0.74153874324777979687440  0.84704123050630208968670
0.83635975218970304290167  0.38212225714896086437022
0.40995513779107028984328  0.21134067812128054519860
0.01150547807245094235340  0.92135380108035525026366
0.99093600268562886945745  0.69518112735374004707012
0.41322061830500200763083  0.55717642750328078005140
0.35929441206091494720454  0.36564226203192234931905
0.26422925504318367506684  0.84841456343272192430760
0.65785699026459543148349  0.83812982573931094076869
0.08816797387615589454146  0.61534470656453144066234
0.75225074007385483998434  0.03549302652058473200869
0.05624561296426282275274  0.02444532609027375014144
0.60240485854670855481174  0.19965208899197361969158
0.57823419904171879935006  0.94070253608813747536743
0.83092745750297558604558  0.31083101901303139547039
0.66881313516647844519269  0.95330668050172429062172
0.27014984588152712863263  0.57182531205175934907459
0.12051759392071291487891  0.98199407940916161319223
0.76885280922879728482400  0.11255226294747765203308
0.01467940305795465034955  0.86931974242378007300402
0.04000976592303231993419  0.57194738608966333437422
0.60130619220557268711502  0.86571855830561239564247
0.83092745750297558604558  0.71248512222663040738269
0.07953123569444868479206  0.41325113681447800395574
0.19666127506332589658378  0.72475356303598137408528
0.30970183416241953144876  0.13455610827967162679286
0.15854365672780540430509  0.37745292519913326012571
0.98825037385174108184316  0.43305764946440017393314
0.52839747306741535748387  0.66933194982757038271615
0.31672109134189885271127  0.61067537461470378090667
0.18005920590838342398854  0.13928647724845119593162
0.69640186773277990006648  0.90960417493209633210682
0.54969939268166145840411  0.49119541001617478270802
0.47920163579210789395191  0.38383129367961671407627
0.64552751243629258315337  0.68901638843958856739391
0.30674153874324777691029  0.00738547929319132052950
0.34885708182012392652993  0.17923520615253152321600
0.06851405377361369231082  0.92480239265114294600068
0.28711813715018158488235  0.39643543809320352933057
0.01040681173131504343166  0.25052644428846093660468
0.06070131534775841802842  0.20792260505996887354208
0.02475051118503372379887  0.32361827448347424418529
0.10425122837000641573546  0.45478682821131016789096
0.65355388042847983864903  0.82341990417188026807338
0.96429334391308330065584  0.24417859431745353449017
0.83547471541489914947931  0.65294351023895991215085
0.27372051149021880966927  0.15024262215033418188526
0.92858668782616660131168  0.99636829737235632631354
0.20532853175450910265809  0.97943052461317792189988
0.03949095126194036853295  0.45609912411877806537319
0.68474379711294897088436  0.25629444257942440854592
0.19058809167760246139345  0.67665639210180972273889
0.14423047578356273934475  0.08667256691183203298756
0.35608996856593522206680  0.36066774498733483733659
0.09930722983489485844455  0.55351420636616111004003
0.89889217810602128899689  0.08413953062532425475339
0.32834864345225378556847  0.30259102145451216570038
0.43867305520798366424984  0.81655323953978087292427
0.93725394451734977963042  0.47379985961485643342073
0.68324839014862515096382  0.55217139194921716072173
0.08993804742576372301954  0.63438825647755359149471
0.25376140629291665806733  0.95931882686849578867339
0.68636127811517688712684  0.87026581621753595907620
0.03540147099215674303396  0.45310831019013031450982
0.76866969817194130687454  0.69200720236823631825729
0.08487197485274819430678  0.59846797082430491787619
0.93752861110263374655460  0.91143528550065611160136
0.62547685171056244257670  0.24939725943784904482747
0.55925168614764853014520  0.14502395702993867154795
0.16153447065645312741289  0.33082064271980954339725
0.04504531998657185926094  0.10092471083712271917587
0.24323252052369762066242  0.66924039429914239374142
0.98425244911038545225779  0.30481887264625995292988
0.91302224799340803151892  0.77858821375164033451455
0.41166417432172613954933  0.42204046754356516757412
0.36472670674764245957178  0.00729392376476332895269
0.99160740989410078860544  0.83144627216406752356903
0.84731589709158605661088  0.95290993987853633839791
0.39866328928495131656007  0.60722678304391608516966
0.34342478713339641416269  0.55058442945646535182647
0.67732779931028164188689  0.56572161015655997307050
0.05508590960417493465062  0.74184392834253976012349
0.86117130039368872118644  0.53248695333719897604396
0.22690511795403911499136  0.12918485061189610707544
0.63316751609851373849835  0.48643452253791924499993
0.33863338114566482461854  0.52394177068391978302486
0.30820642719809565601707  0.73720511490218820771503
0.19806512649922178304074  0.79213843195898314686332
0.91921750541703539649774  0.79204687643055515788859
0.96557512131107514630202  0.90630817590868861799436
0.68791772209845269969719  0.06833094271675771436136
0.64156010620441294989291  0.60798974578081610431468
0.66167180394909508311940  0.10797448652607806451886
0.04794457838679158645512  0.58803064058351395271274
0.79763176366466259636923  0.45020905178991060813232
0.83526108584856717520495  0.59080782494582961827945
0.27536851100192266672551  0.81862849818414873404038
0.54606769005401778471764  0.34833826715903193349533
0.31916257209997861421513  0.77898495437482828673836
0.26660969878231149943204  0.75090792565691089066604
0.31153294473097936645445  0.52415540025025175729922
0.89739677114169746907635  0.15997802667317728708696
0.47880489516891994172809  0.94204535050508131366342
0.57411420026245918446506  0.27048554948576308820662
0.93041779839472638080622  0.62288277840510264393714
0.27045503097628709188172  0.42747276223029267994136
0.33262123477889338207802  0.96270638142033138073828
0.11358989226966155483556  0.80468153935361796946779
0.99884029663991213965346  0.01803643910031434149932
0.44383068330942715418175  0.35032197027497175012556
0.67647328104495374478944  0.26963103122043519110917
0.14975432599871821293114  0.90704062013611252979217
0.81304361095004118453744  0.94991912594988858753453
0.30994598223822750204803  0.41142002624591816895006
0.58131656849879453918817  0.09152500991851557354817
0.67253639332255010785389  0.58049256874294263841563
0.44618060853907892671089  0.95284890285958434574809
0.00399792474135563218746  0.99023407696768084296224
0.55323953978087714311584  0.97643971068453017103650
0.83840449232459490769287  0.95318460646382030532209
0.72115237891781369672373  0.93728446302682577595533
0.65797906430249941678312  0.10110782189397869712533
0.31870479445783866934150  0.43641468550675982518428
0.03692739646595660091277  0.07901242103335673339082
0.80800805688650167990517  0.39680166020691548522947
0.77935117648854035365957  0.25659962767418437179501
0.23465681936094240356283  0.71709341715750607448854
0.58217108676412243628562  0.86373485518967252350109
0.44679097872859890872022  0.74016541032135985123119
0.25522629474776453717411  0.45570238349559005763822
0.32364879299295024051020  0.69209875789666430723202
0.02890102847376934194767  0.11532944730979338698873
0.79519028290658289037651  0.74828333384197520672387
0.98107852412488172344496  0.29709768974883266068332
0.93411053804132204714250  0.88262581255531480373122
0.11426129947813348786134  0.72032837916196168492888
0.90112002929776913173754  0.15628528702658162075068
0.11468855861079745028785  0.21750541703543199711923
0.02533036286507767131937  0.60206915494247259523775
0.32398449659718620008420  0.94402905362102118580481
0.80040894802697837295824  0.36066774498733483733659
0.95516830957976017746347  0.85500656147953735253253
0.07785271767326883141092  0.22540971098971526731525
0.08386486404004028782921  0.85665456099124115407761
0.23941770683919796902650  0.25107577745902892596419
0.44660786767174293077076  0.53712576677755063947473
0.62843714712973419711517  0.58378856776635024150579
0.57625049592577903823098  0.88402966399121063467703
0.02282784508804589981845  0.16754661702322459770897
0.30729087191381571075866  0.89434492019409772556315
0.43018890957365640836940  0.48411511581774346879570
0.18121890926847133984623  0.48329111606189151251201
0.98617511520737322072705  0.98242133854182556174095
0.78347117526779996854458  0.59825434125797294360183
0.23789178136539812502548  0.35346537675099948261348
0.54329050569170200812863  0.94384594256416520785535
0.59340189825128941691901  0.30741294595171969605829
0.02807702871791741688901  0.22482985930967130938640
0.21808526871547592729250  0.00872829371013519698941
0.26255073702200382168570  0.31281472212897121210062
0.15988647114474929811223  0.82576982940153198509137
0.10498367259743034141106  0.24280526139103367211369
0.98419141209143345960797  0.55110324411755728934992
0.21124912259285255622387  0.44630268257698296752167
0.69966734824671161785403  0.74898525955992312219678
0.61772515030365915400523  0.12689596240119632719612
0.25659962767418437179501  0.38560136722922450092099
0.47508163701284827906690  0.18472853785821100047748
0.39835810419019135331098  0.39921262245551925040843
0.96331675160985141825876  0.59602649006622521188348
0.14801477095858639465575  0.36561174352244635299414
0.91973632007812733402119  0.65388958403271579822302
0.71077608569597461318779  0.91598254341257967503509
0.21127964110232855254878  0.97671437726981413796068
0.07351908932767724225155  0.06241035187841426079558
0.38212225714896086437022  0.69051179540391249833675
0.08343760490737632540270  0.08838160344248786881582
0.60765404217658014474068  0.69121372112186041380966
0.28565324869533370577557  0.15967284157841732383787
0.48689230018005918987356  0.39329203161717579684264
0.30249946592608417672565  0.31217383342997528927754
0.70360423596911525478959  0.87102877895443586719892
0.03466902676473281041947  0.97314371166112245692403
0.08786278878139591741459  0.79854731894894248611649
0.46613971373638113382398  0.67159031952879422178171
0.10959196752830591137240  0.09494308297982725908248
0.35364848780785546056293  0.09485152745139927010776
0.33439130832850122443389  0.68086794640949732659863
0.58235419782097841423507  0.14651936399426251922407
0.87420270393993959601175  0.25244911038544876058509
0.46867275002288888430257  0.16306039613025299916949
0.36271248512222664661664  0.47917111728263189762700
0.79161961729789120933987  0.94457838679158911965317
0.48796044801171911675652  0.53196813867610703852051
0.83394878994109922221156  0.75646229438154244384407
0.61244544816431167877369  0.34730063783684805844842
0.21439252906888028871180  0.95797601245155183935509
0.51240577410199283914238  0.53416547135837888493626
0.79204687643055515788859  0.41386150700399793045392
0.76790673543504139875182  0.32978301339762566835034
0.42408520767845697685416  0.34571367534409619404201
0.83388775292214722956174  0.51023895992919710007385
0.85891293069246499314318  0.77871028778954431981418
0.32465590380565811923219  0.66277047029023106183843
0.54438917203283787582535  0.24054689168980986080371
0.54237495040742211838136  0.72518082216864532263401
0.63417462691122161722035  0.86855677968688005385900
0.78078554643391218093029  0.19959105197302162704176
0.97207556382946258555222  0.58101138340403457593908
0.43565172276985991706155  0.94598223822748495059898
0.33625293740653705576449  0.46958830530716877404984
0.45332193975646228878418  0.96188238166447947996573
0.72469252601702938143546  0.06839197973570970701118
0.14795373393963440200594  0.05505539109469893832571
0.96246223334452341013900  0.65636158330027161156295
0.91970580156865133769628  0.81490524002807707137919
0.41309854426709802233120  0.24897000030518509627875
0.90398876918851278627898  0.78850672933133947317685
0.07415997802667317895242  0.43598742637409587663555
0.08410901211584825842849  0.26868495742667930503700
0.83928952909939880111523  0.72075563829462574449991
0.89779351176488542130016  0.59923093356120482599891
0.20706808679464094868905  0.51796014282662439232041
0.86898403881954400240772  0.40379039887691886567822
0.21887874996185185949571  0.46574297311319312608902
0.29667043061616871213459  0.64540543839838859785374
0.90618610187078463269472  0.20853297524948882779583
0.53129673146763511937252  0.92181157872249519513730
0.02883999145481734582841  0.30686361278115176220993
0.87023529770805996275129  0.90368358409375282302989
0.38608966338084049763069  0.43031098361156039366904
0.60402233954893647105422  0.32145146031067844960560
0.48026978362376782083487  0.49000518814661092603657
0.24396496475112156021581  0.40745262001403853568959
0.81615649891659292070045  0.86675618762779627068937
0.46259956663716544911225  0.19916379284035767849304
0.61574144718771939288615  0.39106418042542800961314
0.77849665822321234553982  0.61018707846308783970812
0.23050630207220679235292  0.23166600543229468045503
0.51622058778649249077830  0.67497787408062992486890
0.03222754600665303503781  0.34803308206427197024624
0.07321390423291726512467  0.87365337076937166216339
0.06338694418164617094824  0.66393017365031892218497
0.02429273354289376504744  0.94320505386516917400996
0.22879726554155094264686  0.61787774285103913562978
0.09546189764091922436151  0.08120975371562852429541
0.30921353801080353473907  0.24668111209448531639943
0.53794976653340254024727  0.94839320047608877128908
0.57896664326914271114788  0.45869319742423780850160
0.93417157506027403979232  0.37614062929166541815462
0.30768761253700371849362  0.65224158452101199667794
0.96624652851954706545001  0.18582720419934689592978
0.92864772484511859396150  0.33674123355815299696303
0.17889950254829553588642  0.02490310373241370889286
0.15399639881588184087136  0.91131321146275212630172
0.26767784661397137080385  0.62764366588335829266754
0.81868953520310072669020  0.25840021973326821047579
0.92376476332895895993147  0.40537736136967073008464
0.73406170842616047522711  0.30768761253700371849362
0.76665547654652543840825  0.77336954863124485193282
0.33249916074098939677839  0.22727134006775109864584
0.39622180852687155505620  0.12015137180700094510222
0.38447218237861263689936  0.39777825251014742313771
0.09479049043244727745794  0.82576982940153198509137
0.56880397961363571290860  0.82619708853419604466239
0.21115756706442456724915  0.23487044892727440559277
0.17795342875453962205867  0.15506454664754173999874
0.75737784966582233359134  0.99163792840357678493035
0.73921933652760396515902  0.92419202246162301950250
0.24964140751365704318232  0.64149906918546095724309
0.83324686422315130673866  0.23972289193395793227559
0.32474745933408610820692  0.90758995330668046364053
0.89092684713278602615105  0.50862147892696918383137
0.16290780358287301754494  0.54649494918668173326637
0.25031281472212896233032  0.39304788354136782624337
0.24872585222937712567948  0.19083223975341043199272
0.25431073946348459191569  0.64217047639393287639109
0.50120548112430185483390  0.08423108615375225760591
0.67067476424451433203444  0.95706045716727194960782
0.30402539139988404848225  0.11499374370555742741473
0.21567430646687216211355  0.54487746818445381702389
0.46775719473860893904416  0.05517746513260292362535
0.46235541856135747851297  0.51902829065828426369222
0.65462202826013982104314  0.41074861903744619429091
0.91491439558091980366328  0.80111087374492628843115
0.29764702291940059453168  0.78930021057771537762449
0.53016754661702325535089  0.68102053895687730822317
0.54512161626026189864547  0.19177831354716634582047
0.46797082430494096882967  0.69170201727347635500820
0.26169621875667592458825  0.13415936765648364681347
0.35077974791711175051034  0.95437482833338416199354
0.61735892818994719810632  0.00546281319620349741645
0.81478316599017308607955  0.65089877010406815838195
0.29548020874660479995200  0.56840723899044776068479
0.63292336802270576789908  0.77922910245063625733764
0.85152745139927366047061  0.00869777520065920066450
0.19168675801873835684574  0.84841456343272192430760
0.25302896206549274626951  0.43983275856807152459638
0.60255745109408853643629  0.66914883877071440476669
0.13281655323953978076190  0.26865443891720330871209
0.22934659871211890425080  0.89651173436689357565399
0.78600421155430766351202  0.32889797662282171941683
0.91305276650288402784383  0.48057496871852778408396
0.44270149845881529016012  0.18848231452375865946358
0.67503891109958191751872  0.68190557573168131266783
0.84731589709158605661088  0.53682058168279056520333
0.18018127994628743704375  0.80733664967802976075717
0.67543565172276986974254  0.05832087160863063529659
0.74068422498245189977695  0.32297738578447826585105
0.82027649769585253558546  0.69890438550981170973131
0.14252143925290688963869  0.50028992584002196508663
0.07925656910916470399009  0.73079622791222875743955
0.07522812585833307807981  0.25165562913907285613746
0.27231666005432292321231  0.52287362285225991165305
0.44642475661488695282131  0.31171605578783534440390
0.32306894131290625482578  0.42200994903408917124921
0.36249885555589467234228  0.42051454206976529581752
0.33408612323374126118480  0.65215002899258400770321
0.05627613147373882601654  0.66496780297250279723187
0.18765831476790673093547  0.63722647785882136073354
0.54368724631488996035245  0.63475447859126554739362
0.70317697683645130624086  0.65407269508957177617248
0.28955961790826134638621  0.54890591143528555395648
0.88222907193212685150741  0.22168645283364360465406
0.66512039551988277885641  0.00930814539017914450991
0.27307962279122288684619  0.13315225684377574033590
0.47709585863826409202204  0.53749198889126259537363
0.98556474501785329422887  0.53636280404065062032970
0.35090182195501573580998  0.55079805902279732610083
0.38718832972197636532741  0.96957304605243077588739
0.24814600054933316775063  0.93432416760765402141686
0.01272621845149083004423  0.75878170110171816453715
0.90054017761772520156427  0.86468092898342840957326
0.71758171330912201568708  0.68214972380748928326710
0.44062623981444748455516  0.04208502456740012553915
0.60643330179754018072202  0.30869472334971159721562
0.01156651509140293673794  0.98706015198217722517171
0.76900540177617726644854  0.91683706167790768315484
0.63621936704611348201155  0.55723746452223277270122
0.35316019165623951936439  0.39912106692709126143370
0.12735374004333627206975  0.34192938016907253873100
0.00769066438795129245221  0.05993835261085848908902
0.32044434949797051537246  0.08929715872676778631867
0.22492141483809929836113  0.71178319650868249190978
0.40955839716788233761946  0.82323679311502429012393
0.61543626209295942963706  0.97647022919400616736141
0.66811120944853052971979  0.80571916867580184451469
0.64543595690786459417865  0.19809564500869777936565
0.33588671529282509986558  0.00158696249275185399807
0.86834315012054807958464  0.87322611163670771361467
0.95306253242591632002245  0.20102542191839350982363
0.18164616840113528839495  0.00494399853511154514785
0.92278817102572707753438  0.45674001281777398819628
0.14069032868434705463301  0.28730124820703756283180
0.58363597521897025988125  0.99172948393200477390508
0.86007263405255285348971  0.52546769615771971029261
0.57298501541184732044343  0.23419904171880245868920
0.53410443433942689228644  0.19922482985930967114285
0.76271858882412180147270  0.13547166356395154429570
0.10818811609241005267101  0.57469405194250311463833
0.54832605975524151276090  0.42753379924924467259117
0.13116855372783592370567  0.27134006775109104081523
0.77294228949858090338410  0.97601245155186622248777
0.32099368266853844922082  0.69048127689443650201184
0.06720175786614582258416  0.88534195989867858767042
0.87447737052522356293593  0.21097445600756858929969
0.88674581133457441861623  0.51219214453566086486802
0.05221716971343119684246  0.55925168614764853014520
0.02746665852839747304359  0.04312265388958403528052
0.07049775688955350894105  0.25882747886593221453566
0.90160832544938507293608  0.79308450575273903293549
0.83083590197454759707085  0.56678975798821984444231
0.35380108035523544218748  0.88067262794885092791475
0.51860103152562031514350  0.80220954008606215612787
0.30018005920590840052142  0.43702505569627980719360
0.60240485854670855481174  0.47395245216223641504527
0.97061067537461465093429  0.00366222113711966307248
0.26468703268532367545163  0.11322367015594958505886
0.03552354503006073527249  0.27640614032410659728356
0.79555650502029484627542  0.21753593554490799344414
0.39951780755027926916867  0.85103915524765771927207
0.98043763542588580062187  0.21228675191503645902635
0.94116031373027742024107  0.12714011047700429779539
0.01333658864101077388964  0.83605456709494307965258
0.98220770897549358746659  0.02676473281044953675400
0.96688741721854309929540  0.85616626483962521287907
0.76613666188543350088480  0.68321787163914915463891
0.34971160008545182362738  0.52037110507522810198822
0.72786645100253299922599  0.75719473860896635564188
0.78365428632465594649403  0.65135654774620810325558
0.83550523392437514580422  0.53611865596484264973043
0.33079012421033354707234  0.78972746971037932617321
0.78597369304483166718711  0.47273171178319650653776
0.50257881405072180047711  0.29239783928952911562504
0.33509323404644919541795  0.31952879421369062562519
0.48139896847437968485650  0.79229102450636312848786
0.54390087588122193462681  0.51512192144535662308158
0.58677938169499799236917  0.92522965178380689454940
0.22199163792840356790315  0.97878963591418199907679
0.51643421735282446505266  0.73113193151646471701355
0.34968108157597582730247  0.96938993499557479793793
0.39448225348673970902524  0.63509018219550161798992
0.75954466383861807265987  0.16528824732200078639899
0.15720084231086153825352  0.41480758079775381652610
0.85946226386303292699154  0.62083803827021089016824
0.30802331614123967806762  0.06036561174352244457664
0.67741935483870963086162  0.75627918332468646589462
0.57298501541184732044343  0.93334757530442213901978
0.01028473769341105466257  0.03714102603228858212603
0.48765526291695915350743  0.13043610950041201190786
0.95699942014831995695801  0.49919125949888609738991
0.44721823786126285726894  0.45887630848109378645105
0.61784722434156313930487  0.77538377025666060937681
0.25043488876003294762995  0.92910550248725853883514
0.24127933591723380035710  0.78118228705710013315411
0.66914883877071440476669  0.17145298623615223831962
0.59892574846644486274982  0.71401104770043033465043
0.07428205206457716425206  0.68288216803491319506492
0.87032685323648795172602  0.52375865962706380507541
0.65004425183874015026220  0.30988494521927550939822
0.81914731284524067156383  0.50993377483443713682476
0.22675252540665913336682  0.87429425946836758498648
0.54109317300943027273519  0.20224616229743339057556
0.26468703268532367545163  0.34745323038422804007297
0.56575212866603596939541  0.18051698355052339661775
0.01895199438459425553272  0.48005615405743584656051
0.59285256508072148307065  0.99038666951506093560909
0.41779839472640156738947  0.29273354289376507519904
0.64500869777520064562992  0.81072420422986546384436
0.68456068605609299293491  0.33454390087588120605844
0.91723380230109563537866  0.02969450972014526721199
0.23535874507889034679131  0.11529892880031739066382
0.10513626514481032303561  0.38489944151127658544809
0.88348033082064270082867  0.61787774285103913562978
0.49327066866054264382413  0.82427442243720816517083
0.88116092410046698013559  0.29670094912564470845950
0.58375804925687424518088  0.74407177953428749184184
0.83111056855983156399503  0.46925260170293281447584
0.54786828211310156788727  0.76000244148075812855581
0.99801629688406012785862  0.50596636860255750356430
0.28064821314127019746820  0.66780602435377056647070
0.05188146610919523032956  0.72536393322550130058346
0.34061708426160464124877  0.74944303720206306707041
0.77428510391552474168009  0.40055543687246314421557
0.55534531693472088953456  0.08133182775353252347283
0.75847651600695820128806  0.78344065675832397221967
0.57420575579088717343978  0.00097659230323191015266
0.63533433027130958858919  0.55223242896816915337155
0.14984588152714620190586  0.38755455183568832122631
0.85552537614062929005598  0.58973967711416974690763
0.42939542832728050392177  0.91375469222083194331674
0.55983153782769246031847  0.49754325998718224033368
0.03631702627643666053681  0.92406994842371903420286
0.56852931302835174598442  0.75280007324442277383270
0.22525711844233528569070  0.09677419354838709408817
0.02117984557634205317056  0.91396832178716391759110
0.88964506973479418050488  0.54509109775078590232056
0.69795831171605582365913  0.78154850917081208905302
0.70442823572496715556213  0.51387066255684077376031
0.55400250251777705123857  0.92034669026764737154167
0.18500320444349496740166  0.32871486556596574146738
0.49787896359141819990768  0.44880520035401472167536
0.94302194280831319606051  0.75289162877285076280742
0.94540238654744102042571  0.50291451765495776005110
0.92083498641926331274021  0.40879543443098237398559
0.18005920590838342398854  0.27942747276223028896069
0.88598284859767451049350  0.42036194952238531419297
0.05148472548600726422796  0.06598101748710592795444
0.96621601001007106912510  0.93200476088747830072379
0.04284798730430006141745  0.16360972930082096077342
0.50718710898159735656066  0.66109195226905115294613
0.23877681814020204620341  0.10779137546922208656941
0.03353984191412091170337  0.13977477340006713713016
0.22498245185705129101095  0.09521774956511123988445
0.59465315713980526624027  0.80254524369029811570186
0.45054475539414656770631  0.02114932706686605337620
0.27643665883358259360847  0.57554857020783101173578
0.08459730826746421350482  0.03503524887844478019616
0.16055787835322121726023  0.12448500015259254813937
0.89825128940702536617380  0.01934873500778222163432
0.51203955198828088324348  0.41660817285683765520687
0.20310068056276131542859  0.89904477065340127062143
0.47651600695822016184877  0.75356303598132268195542
0.37791070284127320499934  0.18686483352153079873226
0.06888027588732566208751  0.93121127964110228525385
0.01403851435895870844450  0.67168187505722221075644
0.73372600482192451565311  0.68260750144962922814074
0.21161534470656453987836  0.65520187994018375121641
0.25955992309335612633348  0.06048768578142643681517
0.05706961272011475128085  0.64415417950987274853247
0.32798242133854182966957  0.91543321024201174118673
0.81383709219641708898507  0.90359202856532483405516
0.47831659901730400052955  0.12576677755058443541891
0.85683767204809713202707  0.77773369548631243741710
0.77010406811731313414526  0.73619800408948021797073
0.88280892361217078168067  0.18485061189611498577712
0.92370372631000696728165  0.66026795251319925217359
0.42683187353129675711827  0.19202246162297434417532
0.22083193456831567980103  0.10397656178472243493349
0.21704763939329202449002  0.07620471816156498823247
0.94622638630329292119825  0.36625263222144233132838
0.39838862269966734963589  0.77819147312845238229073
0.65114291817987612898122  0.17236854152043215582246
0.15668202764976957297449  0.15491195410016175837420
0.02099673451948606828221  0.19718008972441786186280
0.77452925199133271227936  0.93734550004577776860515
0.62730796227912233309354  0.93389690847499007286814
0.64989165929136016863765  0.79921872615741451628679
0.34559160130619220874237  0.56462294381542410537378
0.30890835291604357148998  0.44370860927152316888211
0.72109134189886170407391  0.98962370677816091646406
0.94424268318735316007917  0.11389507736442151808465
0.06231879634998626488196  0.67027802362132637981063
0.50965910824915305887828  0.43299661244544818128333
0.54493850520340592069601  0.44358653523361918358248
0.90313425092318488918153  0.98138370921964168669405
0.10620441297647023604078  0.96301156651509145500967
0.26834925382244328995185  0.51567125461592455692994
0.41209143345439008809805  0.92263557847834709590984
0.94732505264442889991727  0.23718985564745018179700
0.67754142887661361616125  0.72096926786095771877427
0.11392559587389751440956  0.01507614368114261298170
0.62175359355449077991551  0.72045045319986567022852
0.62111270485549485709242  0.97100741599780271418041
0.33942686239204078457732  0.75856807153538619026278
0.09146397289956358089835  0.33109530930509356583258
0.36921292764061403035569  0.06753746147038178215816
0.78392895290993991341821  0.95223853267006441924991
0.74068422498245189977695  0.25840021973326821047579
0.26633503219702747699671  0.42793053987243262481499
0.28110599078341014234184  0.52555925168614769926734
0.42664876247444072365766  0.18085268715475935619175
0.96325571459089942560894  0.72853785821100502939629
0.85277871028778950979188  0.44776757103183079111730
0.57539597766045103011123  0.50682088686788540066175
0.11301004058961759690671  0.56334116641743214870530
0.49497970519119843801903  0.08420056764427624740321
0.96810815759758295229176  0.44895779290139470329990
0.84676656392101812276252  0.91891232032227543324865
0.04608294930875576206342  0.71315652943510243755298
0.82729575487533191235912  0.85525070955534532313180
0.01144444105349894796886  0.26920377208777124256045
0.47645496993926816919895  0.93417157506027403979232
0.75957518234809406898478  0.87682729575487527995392
0.67775505844294570145792  0.51768547624134042539623
0.66777550584429457014579  0.51393169957579276641013
0.66783654286324656279561  0.88427381206701860527630
0.43430890835291602325441  0.98455763420514541550688
0.83782464064455086649730  0.95113986632892844053089
0.53657643360698259460406  0.66954557939390235699051
0.10614337595751822951318  0.27970213934751425588487
0.83959471419415876436432  0.82598345896786395936573
0.64546647541734059050356  0.02059999389629810565006
0.38608966338084049763069  0.34168523209326456813173
0.24390392773216956756599  0.95431379131443216934372
0.89968565935239719344452  0.35111545152134771008434
0.08276619769890439237692  0.28363902706991789282043
0.03192236091189306484983  0.61864070558793904375250
0.21103549302652058194951  0.33481856746116517298262
0.88509781182287061707115  0.09598071230201117576275
0.49873348185674609700513  0.82238227484969639302648
0.84118167668691057325958  0.55940427869502851176975
0.34992522965178379790174  0.83544419690542315315440
0.22910245063631093365153  0.73345133823664054872893
0.95675527207251198635873  0.20038453321939755924497
0.86111026337473672853662  0.80715353862117378280772
0.37568285164952541776984  0.37726981414227728217625
0.96911526841029083101375  0.74901577806939911852169
0.20734275337992491561323  0.54499954222235791334583
0.57325968199713128736761  0.32734153263954590684648
0.16119876705221716783889  0.03292947172460097132740
0.81301309244056518821253  0.24155400250251776728128
0.28589739677114167637484  0.75402081362346262682905
0.27231666005432292321231  0.27124851222266305184050
0.14740440076906644040200  0.79610583819086278012378
0.83065279091769161912140  0.84917752616962183243032
0.73519089327677233924874  0.82799768059327982783202
0.06997894222846155753981  0.96404919583727533005657
0.37842951750236519803394  0.47593615527817623167550
0.77028717917416911209472  0.79992065187536243175970
0.45310831019013031450982  0.32718894009216592522193
0.52378917813653980140032  0.01803643910031434149932
0.16156498916592912373780  0.71675771355327000389224
0.99981688894314402205055  0.08755760368663594028771
0.16528824732200078639899  0.95355082857753226122099
0.89117099520859399675032  0.57118442335276342625150
0.35270241401409957449076  0.14236884670552690801415
0.07336649678029724674921  0.77245399334696496218555
0.52284310434278391532814  0.25772881252479629132779
0.00823999755851924191308  0.65016632587664413556183
0.26627399517807548434689  0.62590411084322639112543
0.92266609698782309223475  0.40717795342875451325426
0.82485427411725209534410  0.47132786034730062008080
0.79390850550859093370804  0.65874202703939943592815
0.21054719687490464075097  0.68401135288552505908655
0.67326883754997401965170  0.58751182592242190416698
0.36619159520249028316741  0.46357615894039733150933
0.37839899899288920170903  0.99102755821405685843217
0.64766380809961243691930  0.99664296395764029323772
0.08624530777916807056105  0.62800988799707024856644
0.41013824884792626779273  0.82363353373821224234774
0.85760063478499715117209  0.76976836451307717457127
0.97888119144260998805152  0.05139316995757927525323
0.62443922238837856752980  0.36292611468855862089100
0.78597369304483166718711  0.06756797997985777848307
0.67162083803827021810662  0.70967741935483874549107
0.95464949491866812891772  0.91332743308816799476801
0.14374217963194677039063  0.07196264534440137417004
