0.31972415387617619808580  0.61553229979031365282083
0.04816800916947797106538  0.33976171041827729624174
0.16457354424734299547239  0.71055410835452104123533
0.63773073937638236063918  0.49845061846936616900550
0.30899656624952170913545  0.12467123760127986342727
0.02988719010254703087326  0.33098111643035948992164
0.44451819753484717034908  0.04471354095484760676760
0.63633124233983984208152  0.99020801437562699920392
0.42472639699686615122332  0.82446043231732235589959
0.41135273939527233766356  0.99615811044171365118416
0.03348511086473479614334  0.13269940443928326945233
0.28714425875206678329121  0.21536877714813162931762
0.66389400822291799730834  0.57505362414524596736953
0.99689277447615409766257  0.27786453826253515453359
0.76836379932629117472942  0.74037098406831314267862
0.56237049659824489555859  0.08808795273680609938527
0.35590328339296545268056  0.61053850576772283886839
0.42784966315508338174922  0.52047682810596973546069
0.32109261365658259279598  0.06558040253146570075504
0.01892744610967461368900  0.63008917990610435744259
0.19025164013274556418231  0.04881463667788293187000
0.96107029633646379185308  0.63476983766759276228697
0.09352817763273053863760  0.59740153867630363393459
0.62497785157755847418315  0.51825457462959667598312
0.42186197052796464701530  0.03633059097283081878560
0.51441268460564903985954  0.45534708139269941540306
0.16902999541211408129904  0.80155694382337705494734
0.67071585854083104472068  0.83292400363503205085181
0.37661056750296173500914  0.66760863301698525340555
0.11078854189756724701876  0.14497436682925296524971
0.40797961661963705326528  0.67315903849581215645514
0.23306231956605907851277  0.76388290047826379325357
0.28369754379787365250465  0.66091198318680377532530
0.28435972811857224140653  0.60479015745445630081178
0.72649238571826946220256  0.30328717422824685856497
0.23487933689489928767991  0.91674402585101499862930
0.35210181090612979737386  0.19594963323136307953298
0.55151386351860776091627  0.44562998853886032213367
0.79335117190766668571200  0.17649171463050494779168
0.96388456316845705362795  0.21521314196997001766398
0.21282230560333575963838  0.47829724777410609348749
0.67056022336266940531146  0.38185230101544981318185
0.27985419113182191663824  0.34127608190350050554329
0.21477630465048191954480  0.65646475863478370715853
0.00888471445482443694663  0.32556484654804918044135
0.80143912546403661689709  0.41686433107446146939523
0.99872388504386133689650  0.03450144503009573010432
0.18074723108706400309664  0.28242142837607370209341
0.69541342821689944297958  0.46510695920563627225874
0.88721158583052994739404  0.42190581346950761787440
0.76839413389954447364261  0.12209092225976797552178
0.33864983885486138470711  0.12049594434001294207537
0.31804055549113108281034  0.89016370237346909011222
0.56612593334453453763899  0.11139172693313645345903
0.06665541700397405178169  0.53001049604733030395920
0.32660486890310647112301  0.27947772260730979754229
0.00830774335577513269036  0.99716509273143727476452
0.66133002408842089803187  0.28816193448759708228835
0.33844117416927643748892  0.87610632873890281757667
0.94462669358804207675462  0.34732588862410090913002
0.20167117482129073846586  0.74606581858641740634397
0.76419021969856237852525  0.20039505939949073254347
0.78056726361651307399825  0.94493745125128769668521
0.48281648777556440688130  0.47598069136775128518124
0.41004440999126268163621  0.37002807314043306696760
0.89788650483725895856679  0.17843854342514581245993
0.49211899540020104248939  0.23653634369212031551832
0.29893448823082002796525  0.81015955135699335709631
0.12670004559992814607838  0.86506042157535456560424
0.92155127829012983831092  0.19335546260390218398229
0.39507091715702363776686  0.24815614719323633718950
0.47283318567687326883231  0.40337866097846003521354
0.24532123945901226913513  0.13416320929963290731202
0.69154059546605706199074  0.58376241362828873437962
0.01026953757287447227542  0.63616728858843785143762
0.93108830225238958799849  0.21194071239416520380239
0.38223310717485525778159  0.69527852148529067921601
0.41233577179365593634586  0.16280037032570707222767
0.64021597227091708859348  0.89515225956922039873831
0.63878106215911967247223  0.05026038226217980492416
0.26518033224399217839817  0.53666756653071734373128
0.22869892568732561044520  0.75729932764419327639871
0.77320391022283763149403  0.52763341391814566616603
0.56745887853552534618728  0.89990395628842712039130
0.39269383502783899997368  0.48901015682565524000935
0.09325941842666800318806  0.78776475265052392504828
0.73716630401889160495443  0.56609260410354123038701
0.19114341316332267295408  0.98248754347790379082284
0.70025581340317422096575  0.88268400862937979045597
0.56624995664053123789472  0.71052535097604863079113
0.51885129721781764189359  0.49733825842725964960778
0.92246606337021386234909  0.90108440439267289967518
0.19261677944688906927162  0.33480183469820851138721
0.06388477425271867071732  0.83283275218346752843956
0.22995409380176762281778  0.70266583641183832931176
0.88309313444564729866926  0.49513442604575980121595
0.23933340294255567304305  0.11179205966731163568451
0.25243375368995302210351  0.01253731269973205018908
0.63942547405111860303606  0.81989263222547836829079
0.91244126898815913762064  0.03211930861329627406864
0.30890278858547226548126  0.00570068741482714514551
0.81988406126382018523913  0.04606909213870255537238
0.57179329151836844058465  0.01102747396148157955909
0.02855663515094511092918  0.27204910492154260603925
0.89371148305652270416033  0.59480659179147643556007
0.98257445589759129234153  0.41256277980867900323503
0.09214484975307474234896  0.90504051926780515469062
0.31364718373569061560246  0.28476162966562512668389
0.23984235350035240652566  0.37753195798840932795315
0.11759438138343132618235  0.46979644776778128889561
0.08019779440024764338713  0.00068751536341734014596
0.96493087381354103460041  0.31953119734280333030796
0.11247957503072897322838  0.21736462703783279715175
0.33206851004253540304845  0.75190504908184752075329
0.03725725926331116544254  0.24450977903069451291351
0.78402435816080517927418  0.34616004784878345867938
0.25021046644552169535558  0.60390841895896396618326
0.39222914045314732911507  0.82200375796389013594023
0.61493589338610687988762  0.42078577560409241575812
0.09405286241977142691617  0.50864737597696829674021
0.01559236739556880968482  0.07662731831736271925770
0.92121015578564724446409  0.10773721714864355203378
0.98166783758516784619275  0.23485733905567662826996
0.39249884681426866483989  0.22151019061985899316625
0.61238929704408595622311  0.51009322819769997714445
0.69130663838764028206185  0.69258709144433361348803
0.51078074356111735632169  0.65623751220118142768456
0.01211828832147563220212  0.62326031905750756134665
0.87360213923901419708073  0.34418679882967229133328
0.37516536767369385030335  0.91085939850232533476770
0.58869657786036677649122  0.15918972536883768675864
0.25701944635110879344708  0.83890704430588847184680
0.76309814479346305127194  0.64924858680425612256215
0.66091080180411732047929  0.37803403771390858834067
0.07003436194268723713474  0.75496366468955000694763
0.88668141369087682956973  0.08562672933825604681957
0.83159098300691269844975  0.80789156901086289774838
0.19336394695256090003888  0.81325882012641936835706
0.04274890760087823177171  0.58586279376682959263434
0.03476901028061705339889  0.65513820464496419493372
0.09595602196452954202321  0.72607564913391864358516
0.34772529608929775291060  0.60673676552564681507818
0.38231316086943872845083  0.35984358441077340939884
0.22999708411749317238382  0.25591529964279163822383
0.70403038324044564522097  0.60516245225684828223933
0.16677469814511700074711  0.29272696063515124542675
0.76435217762568596899797  0.42379414449622582194976
0.13163400447537842996582  0.52745032195348773296217
0.07304273083482064332639  0.79254480674515703775285
0.90548435966739637681400  0.14307709277750788046113
0.54750847096904575739273  0.79216577289261191907599
0.22870382258142521458844  0.37909945351029722404590
0.60005734143781352951663  0.42206776953398611462731
0.19235827317105524958407  0.64280624903869176822724
0.00793056283515438525944  0.22712728345167229604407
0.29794445368365590764981  0.10388658479968392034376
0.95320293258559096738480  0.64566974977295366056040
0.71062335079099203660746  0.33551609298936840852789
0.00551333371806579392721  0.94062043490848523674686
0.59143139309782133405946  0.70954371742417277069137
0.54578288669967223167845  0.75820609124293836256214
0.00227067759366271926941  0.31013506432535825618757
0.18200023527350286944859  0.13390468253470244608394
0.83758538627884604466090  0.25504296610832349889719
0.92644948927985948383679  0.74306974594624231045259
0.39812005888583140711390  0.47395795978324395392178
0.53523551837319294222084  0.62682388146725664945791
0.85305741329354112245653  0.13529285981100652724862
0.04889165053558146983859  0.04541568599893510554955
0.77809910884969823996471  0.05682221383639714240577
0.27254296945060740853251  0.07604356206769290194014
0.16070879863608106274953  0.22574590203619837591731
0.72171331184064657637833  0.87133214942707315486814
0.56126199502556672893405  0.72722664602437370184873
0.81195258433555839161500  0.15269338765772683119692
0.43677036298288512972121  0.35773547056956939149686
0.91089947890066513824792  0.43904104057654785853160
0.66787053489492764768443  0.09289971370850676202213
0.57294572311125036012669  0.50545592117377369234532
0.34794267981683030255269  0.49939521192544850114459
0.24852566665435474324575  0.74606273916832299697433
0.97335317170869239955522  0.78376118502754776873331
0.37288662016991835912449  0.82641058453657223470401
0.91905404483855424047078  0.42177827117116112320971
0.87182627053550731943687  0.69715315368825248043549
0.47860048500755825173769  0.14436923998611478348053
0.77319671575594539625342  0.63930928364363925897607
0.37011514202231315939784  0.49491002759659197263176
0.51064143307071241384421  0.93137713704787994384304
0.22213667315530435941717  0.32259401694060957366261
0.08407052470560676116218  0.65890703613818946138281
0.68032948751017896515947  0.99497000360627196879904
0.09794807624907608811782  0.34820002240510655733274
0.08786971731477868918780  0.67089379982598773555225
0.85365594357888030518922  0.43581239713160896398492
0.17028901128577489387794  0.10218160976757370561607
0.18187513583427067365150  0.14364218299446729343316
0.88594279479512139108266  0.55476175646985026457259
0.97005276753103952813717  0.80499683963367563155344
0.97654002764101144329345  0.84187903806654695859635
0.50214999285626693570350  0.45514051218290835221225
0.98624827805266168656573  0.27534670814655104464919
0.09444979536088639326952  0.35636341960931355865583
0.77025673574314301728094  0.60509122843159890425824
0.28774055619153221519113  0.99239340889844740445369
0.92768524537220842240970  0.37181108089713893471995
0.65130044457097557852876  0.60801473288238738756917
0.36678108450341090351898  0.74924852128571295395432
0.95621475528749388939076  0.45465080181818956495121
0.42014232064603934668767  0.80987069840071290727224
0.89046319894979852893613  0.59043133193181418505446
0.91205230816828664064388  0.07233833478406925809878
0.73407351492628147848762  0.79799510249774674441881
0.62710009125391952267137  0.70412628245732111764710
0.60299194166576119968681  0.60364011842926967865708
0.54600532005820667791340  0.10514193405636676481585
0.05878063014651677825606  0.53225359764520707717139
0.38048864266857906901720  0.15323042550740317846447
0.88861701725452069133837  0.15074537794606079899040
0.75832165440466337003045  0.17635757298039159146619
0.14313878684450814793294  0.68600689931121039411011
0.54816865434319184124945  0.79443923141548378197285
0.29402163172793649437153  0.91494973884660268925728
0.54368775223553544861943  0.25023638654976915196571
0.36960054019913102241190  0.96383007288157473979595
0.06010708448482075805241  0.26006373868326831955144
0.55426140481338903587272  0.97215939265310735706294
0.33240207346733757765023  0.28833491927400928256375
0.77015449515085410148174  0.95950216472125715583275
0.99246120173133034469970  0.37314643635095395834966
0.56314228268486554718208  0.53846652132387573530536
0.47828837087298203822883  0.62192291283138234625483
0.07072011850342159455796  0.85877701354156110724603
0.77515333880444681202704  0.95933713575794232752969
0.00952239102196059637728  0.53347499274344878372744
0.13569470873833386348473  0.15266117786646876686163
0.21948189158899797379654  0.68386336308152573248975
0.94710040974761378063107  0.51350352378259578323139
0.59881310146246713443929  0.49078816151748788643161
0.76373991033236487968594  0.96841364166159815685120
0.45461823439906268173871  0.82384699528284699443503
0.22847737987920518909490  0.00887963874679041989535
0.79600638747029306419023  0.56087945381220405405287
0.29721455802079965735629  0.56616088215548587836423
0.52038161806779992257788  0.28967575975213000205599
0.93930731897210106851048  0.08352390075266542812660
0.82814228107600573736136  0.41759568937942187494272
0.70544681358404770499249  0.89886240004508866086042
0.27637270245532163936986  0.48060015192283322971178
0.85819953533736970108237  0.28589509347728225829854
0.01407514420062077470375  0.99389424407570359232267
0.43855627180941231246791  0.23355703625528004274692
0.67775760669156792648238  0.38565668109136480579124
0.74706056003787579822273  0.27657070768837382912508
0.87644484260885269222285  0.51080046990457939060093
0.24498434888431072642412  0.33106307654225408665383
0.33464746472176509772822  0.47346172922917723058234
0.33994271528904451695752  0.13065385219205816191845
0.03434118257571998344968  0.63715727377550546162155
0.69681473434754404028268  0.55472280064351986439419
0.92683303352763546367754  0.63612205285398382148543
0.63824670139618533415415  0.75497531413798002475346
0.05371774176774441605930  0.34369351498023303914664
0.65383771371740739830614  0.33009044422306604849027
0.82429366690306626885842  0.51203724905477709938850
0.61598553816600964960770  0.83836881156934839331996
0.50593149266481929338113  0.05454180950976061231783
0.07192584735896710712577  0.18368909935638733088581
0.44019849060112542504797  0.81898640739684291922629
0.46025980704476116001089  0.31664333274431682996308
0.32978687683576107803063  0.70524415639473314598717
0.64770640975223225943580  0.66443434202318751857774
0.17870588515824911701735  0.98764912504127677639332
0.79508819421524568049620  0.21304706773396911434482
0.62480639835112095070713  0.49190292809712837795999
0.76776986837748895098343  0.55163943141309512707693
0.12802498095111222720099  0.40601656977367428513759
0.30661474555107520734154  0.18174272271885663632141
0.74971008475390732428423  0.96045245926848266115883
0.51183316740758399987499  0.57400375119131230583491
0.47248970785759841772844  0.12781870510793230666380
0.41237256229499941184713  0.97842120098807905392846
0.18236051461769292592052  0.48429840965396653285069
0.16211029987880509750653  0.62255900521881835096849
0.30328481658514810925809  0.62237010692356620200627
0.93920233796313512542042  0.63307169388657047459645
0.32761426285263817170801  0.58690874724970609754848
0.29750603544409670586646  0.50632014801088731648093
0.57455787229098276291950  0.09259422919368102966597
0.71936721574485640307017  0.19936427017644245407446
0.58449715729080942150375  0.48713708412234535405361
0.75100370205519895172586  0.71252213824192156543802
0.89315365389601963919119  0.05761844714061285094298
0.89426486142643957233389  0.64286373818426567616768
0.01807090594343417622181  0.40609802836836222938999
0.21686748890991672245043  0.49056061426669389513577
0.53391673347629453605379  0.62924005167057739384973
0.46898181478911166175649  0.71627724809398751748546
0.11353846085888262551489  0.63109211466791670375187
0.33883625284714452563506  0.41682327790969203595850
0.25346222112582167396155  0.27803859034461836374774
0.04989497133060124406390  0.58107648444412107746615
0.86494733805998569309281  0.34740100677469792911367
0.08739663198934710663934  0.43950520988530722421572
0.43999523596837897265743  0.80676384819986479701726
0.63886948006174970604576  0.02449239279352705481174
0.29390093185654886376312  0.38987318165128731495273
0.73701453150110995959921  0.18705458528690718789100
0.44749162879190018671238  0.63127939246188824462536
0.82991832347117289181426  0.46556253520099566411972
0.03737742036458915895203  0.04678581191542829226249
0.95612314946768950374434  0.57129415384088366725024
0.67602586358600569305111  0.42510496379113987819309
0.28757140146920989742796  0.78956432491054961975152
0.05619707799339530851501  0.62640765431635436755187
0.20638760235458034064671  0.30965929911921696859878
0.90444624466097278681076  0.25628257368518159164950
0.89073578356333815708723  0.76939358225529719259583
0.60368358045987946525202  0.97813241601834655103431
0.20889879167494307399267  0.04367881596259717835729
0.78489626375255006074383  0.84776827220235406734616
0.06817120875612422969958  0.07879719514343756781027
0.23764145338798009499115  0.80518574025723421705436
0.26585178043034474182349  0.68513308264554151350012
0.43646513225346111886083  0.09577010343585633245223
0.15069561738087591806767  0.47384255261805025005728
0.14255591535128461777582  0.10681876638290414838206
0.04513670599327269244982  0.81858177940295162589024
0.53192373017404404045294  0.33270810746248258293889
0.60814610384783995833402  0.58812080816743927957901
0.95911576177883695049076  0.81453370620242027122515
0.89778010728665635920009  0.86356200643980973730152
0.07081627942194057556691  0.78851589084999440526502
0.63295558822944553156731  0.67449985988182004081892
0.76664830640267966899160  0.84185438037004989286771
0.71817867584441730244293  0.55154456968956844242769
0.68962265210674267290614  0.78634988460054144887579
0.63034176483300596860460  0.92726410549472282340844
0.59153562485777566593015  0.89619354526335071042809
0.61239718767460304960082  0.02800075664557551829992
0.99196364869920705675810  0.76309280505547893991292
0.50184330972928703484826  0.13451956358483041498175
0.86991157143838315768392  0.54698001572255972035919
0.95310134298778204087199  0.40183530114676585531797
0.87968812365070359060581  0.56124744636996060087597
0.98995610931420519040813  0.83880388496387925378883
0.37578115210671964030453  0.88773621660086154960823
0.70236589093802770378261  0.44659743152866021587144
0.67625210698519466756551  0.33532147916747323534992
0.12109729094481901101599  0.44290041292221304924936
0.17717585907186189642104  0.83927596678923632733671
0.99444498261178149167705  0.86679851117860451381603
0.62562585138977777621250  0.62478674697912617297391
0.79406261620766604991672  0.21716147578189218259048
0.52098029177681559609425  0.40645980388226909951754
0.24516223242746770782929  0.51294394001036136554461
0.16955260847208677987830  0.74700554215675474267755
0.64746350359519178052636  0.03946417991046988205106
0.29398555787931457405904  0.60056484658297382139835
0.44129948105723570961345  0.17367368106435690511269
0.16181229248727313496659  0.43125559037144090002158
0.01247756556257492190076  0.53759344505965400706771
0.31899180650664110681092  0.71484345696626394595086
0.98419087658831427845030  0.99524391349183582988758
0.05016493566807589399303  0.10528816753313326171071
0.43814432594838753631805  0.22734079473993779041407
0.94456413432236951965848  0.43258930809450768517621
0.09413930545288105855573  0.57018998524648600856324
0.05737605460797252920901  0.88820192166054712235024
0.78735146102837816339814  0.57835634638478805591433
0.29466172507715493456004  0.03251369345584590592191
0.09130028592948814802899  0.46421433401490297399050
0.77951923561260072492729  0.73876378952467991467756
0.50367851392537288379714  0.07350479302625395616744
0.33932863564199239325703  0.94497799498260859341059
0.24717847409061086128013  0.50114092859492676002020
0.37623358488838820612443  0.25965604011884707569280
0.03873437318891956304689  0.69522539139502936844650
0.97449949708511096613250  0.02292524931157252296443
0.69046930442120380000404  0.02466443228752558669559
0.12821341684470577426680  0.12861362990393007676992
0.25200522702746336323187  0.07277755116707530780307
0.56120293799843778970171  0.34614453248034443566539
0.64296753641356130248852  0.61857899260641024952179
0.23434645367523024295231  0.43031899744193952139781
0.19693533852553710139510  0.52900817921804643706452
0.46283269089778544813640  0.28823562445502526330188
0.99322251323294941105502  0.24235192604472485800038
0.02699941397970515022386  0.49690102669266100754442
0.31585671953664007371998  0.36632804962169751572532
0.44187902120960831364727  0.56303519362725096275568
0.86746897821662438676782  0.81811260656365780707944
0.82269123374609798293733  0.90620335140554386654799
0.51333799749302588821820  0.79719073036554766176209
0.92912860118277773580076  0.20380730191422966046666
0.82185516265307323457989  0.05734201756182220888203
0.33242093181815973723658  0.07386038921487535213739
0.13011956872889751668509  0.89362387028225875873488
0.42000492169521980168057  0.77308710560812010648135
0.51220286242300783197123  0.65435137583611135969619
0.20340610258439839608258  0.70913820141420613740735
0.18335955458849648169739  0.66623879348218384421898
0.99737382586923140070922  0.17658206735578460544467
0.90859071952690872997493  0.02437323938327526709480
0.67348309404844564074466  0.22444743859788748863160
0.39070128947063409441398  0.11536211479239263932861
0.78748263269079976645060  0.25817026722159713836291
0.93347472135605047416362  0.61017386597123646208018
0.16437361862714106042205  0.44681271884907630687067
0.40736459633678412384228  0.09350221934425748115949
0.65062002076330593958176  0.22921975852419609887001
0.15084423690607967616373  0.98304095258146573232949
0.30308014820473277994850  0.28096380610063848015656
0.87666482239806320375664  0.72308506989995258162907
0.05405091124309734790243  0.38886768482107098021672
0.37743644527040254299521  0.25745701382749575092390
0.09800588576961583031633  0.56079599985889905244818
0.92369580730967959514288  0.09537971117318594371781
0.73737806721468368564842  0.83228652637092703781008
0.11975295102212249465090  0.41086116079746798357419
0.05673396496881449868610  0.51045424049275656130931
0.52622327605552188245497  0.84421659765961420962554
0.76862450771435375518337  0.45969799694591106931085
0.45439046316518932888684  0.93299812634149481560542
0.90651071579498743169268  0.86175505950197350824027
0.02650034522009098170159  0.55713073609263208396669
0.09097481802616957935470  0.17734458259183194517306
0.54017168867409770527388  0.39405496623090235930320
0.45830838869247042532962  0.41683651060649962172278
0.11714003566519358423559  0.51235929993556783568209
0.80570419542757054642834  0.49457648140125742841633
0.76981631376306358660599  0.90371008119718643225582
0.05537248079449519355677  0.69351212060708189444114
0.99908979283603360777022  0.79275054847484016651293
0.52579864651234753392117  0.11884274339249485674674
0.20361170880664686277939  0.58253261148116208811842
0.62929698388525145968941  0.72983498486216880074551
0.42674920867511501043623  0.39792149113394387205389
0.18953298180807987005636  0.88113967230596568214196
0.33091961747543868765931  0.09604369713740595893015
0.74289473134227779205219  0.35741996269552966936089
0.65317443369569927469342  0.83386954936844737140689
0.53476454528736161453395  0.19334612190413574817072
0.22792451513368847115792  0.99307293397983209537472
0.61018263251063531438234  0.34506455126454332882346
0.50543223344973853272677  0.41588682793820597183299
0.83964103266580081275094  0.27524854674714083202502
0.31959690866973106126991  0.89501351346029600630771
0.96876066735422272646616  0.31868670104010343724354
0.68776406146947488551291  0.49455931386657026038733
0.43752944443259828011250  0.89137577074178298008889
0.07709192488207106119802  0.06682642785218843861639
0.62121075513829049352665  0.50384113402284735894199
0.46474791945179361185581  0.81074373694637036358301
0.38498080586315169826506  0.79566753692723235502626
0.90678743454943755430975  0.12787553673976825852066
0.15308749915710068156827  0.55996186777947554169543
0.96174508657387691723528  0.68785204491012363892111
0.75330798968361134537730  0.18966960124190412884104
0.68092497842429433596578  0.36349062172858537245190
0.53473415250644751317566  0.18635721187403295195928
0.77937744966679134428489  0.37437518470658698310771
0.46160575862117381173988  0.09897435833652240555480
0.26938869816688293390428  0.43036642597539648269489
0.41766105937662584279835  0.95715275963635781941719
0.92492573984196679859338  0.85519050427488541021859
0.84852852991247951219833  0.00201766425837653909023
0.92201693212707380720161  0.46973928505076995021383
0.50585879828122393142564  0.38676485111320618726083
0.28048302153147897097796  0.89083960414437557417955
0.18243238757477719946820  0.18727045561525526573554
0.01871514088414383270020  0.33551988719753916834421
0.74723232339473089069770  0.98046022745802074993549
0.02337193164200146444642  0.50054031261268083774496
0.17012982823426361922436  0.70429691006629580041221
0.86403093480692749750460  0.70486398120637239195219
0.89065412194032878012706  0.64340838400805755448175
0.07923916544729804611880  0.35225988056150259186694
0.74238274234458001554771  0.34862786361418096614528
0.78262630653689913007298  0.16004380172120583059048
0.30578062325053878556247  0.70755204591320453033632
0.01523430553042996044022  0.15430915269735695494191
0.70956971017158110281997  0.93725123765750384396966
0.62404843774812690515574  0.21542850845280500649004
0.32401608877070997571934  0.90453145974526716344144
0.10626811213151929336185  0.50644847634548717518754
0.09180191489486112799145  0.12498325301566312606205
0.84196836354302628802060  0.83903423875525329211911
0.10544348000802261644537  0.86534029518502775246702
0.33957455090227284255633  0.27557330870794749522190
0.56963720525132366390153  0.20360548524353908050877
0.98043728991431988717409  0.46029132672599115672085
0.84701386971725800556499  0.05967645489595665292404
0.81255120728749374858779  0.58939661159617673380495
0.40830431897579894107153  0.59517751335873148033073
0.74944041331738253663985  0.71408494222633767112285
0.30272955880627483438161  0.76467471884781246238560
0.86839409492369468157591  0.01229926897785592332379
0.70192595650531630635527  0.49244253267182153122050
0.22772777743066091593604  0.02594204481036497395019
0.39697399195142740735420  0.33399588956218023705347
0.53239052115585216995441  0.48877590684628852146787
0.45897914304350462266768  0.37435888469887845797501
0.32781014513588052627924  0.56442262305152723911306
0.23969917941824495088987  0.66738469650381460063215
0.83999593175947473433496  0.80933638466956858703583
0.87099018174735376440765  0.82043322120813333420131
0.26962771139555968824553  0.71800405099895037164259
0.88010967656975136463871  0.08217891821739213564779
0.30740066259512710544755  0.28841399507988896289135
0.67735643204178497267520  0.05684107544684832702409
0.00249893684056538009988  0.98008599084805980705681
0.82151579476032210447300  0.87089303176426002828237
0.99238525982591563323609  0.52344175079997712352053
0.36333556397042032770628  0.22011303679091531737555
0.54938379561034211828741  0.76030955592184767954933
0.55410892681875678622561  0.08177431630053293154514
0.24908546276813628428393  0.01308806939660015974947
0.45613320099941140339794  0.57689560790401683831874
0.57751069244812736069861  0.69583238088331766935113
0.24428030394217012388758  0.41750662420760215054472
0.50516876508722485805691  0.11527048568952386053965
0.23793984495007425294943  0.77479647648278460181359
0.83327453668847428769340  0.11804952105416428864704
0.85697539516583798313576  0.14067519881794005032205
0.40646351613405323766059  0.53433182674196166850322
0.19751627473044966465388  0.40896245297461863987820
0.51441781712436018825230  0.01903206902511048528859
0.27985548473887866816057  0.50680307695027582148839
0.54247381982508757758410  0.64319104870929899586685
0.72691611374119113886394  0.09185761496976838080819
0.40350060463114667541618  0.28102504009428669329296
0.17363193127030129847554  0.65258606739928293194453
0.29411310949088687038966  0.62976513273537393367008
0.22948167483763848295553  0.87162380240467551839600
0.32559751315303031571347  0.47376197924546992190642
0.28913042614661643714413  0.83076627824025517377038
0.58903246493499372693492  0.52707027109669069009357
0.60556275472303977558397  0.42230700115780672732058
0.64511979261651630768171  0.46253814942321652692314
0.56298220044140800943921  0.05158330828490820946230
0.99686997616517825093752  0.76049847517185775735982
0.46054576172518812970935  0.51128779282387704085977
0.77953054419696821142338  0.74040124646406679786992
0.01809086930849164095991  0.32200436355639450169974
0.38359229470770445091787  0.74500698351534411223440
0.41386197852616291026351  0.78709289933885118184520
0.02603202314396948699460  0.58749390979646420873905
0.43967896627247282648199  0.32014513310051762040587
0.21725904206617691061254  0.66916064157577259674525
0.19176893503953187924971  0.54285655521920717081485
0.14292262035558123134393  0.48089936118614828863826
0.37362283345946240009638  0.73195508529057495827885
0.00796963181717769836299  0.97918558818250223119151
0.15426208598272039829169  0.65308942443369399910580
0.44172373714005747080691  0.71724428642412851875321
0.70467273318426348893695  0.43859371283957443443668
0.47774276113032493329413  0.16521849444379027582741
0.94988150566345153080761  0.25727330486163185740978
0.90561974090785712920848  0.96797237543760439315577
0.57927766841802641462067  0.28921203514990023730746
0.71297935848728721808243  0.99313964694418932488418
0.07630493448875143303045  0.73901138163125668079090
0.58063355674065353362323  0.51598390076122424563465
0.05915651426611305552239  0.79789259880683038872462
0.18514454187133561058332  0.25092544930564492089431
0.34074915402603761505063  0.32806716222691684192725
0.73182481049179326504373  0.71437198748550001514701
0.06002224705183051983726  0.73979444277463224377556
0.69355757520234095903078  0.21428433350021222625337
0.39288386674266490006246  0.13528131187673719804110
0.93152861992434066173985  0.09755659946126704618052
0.57387502471631157696663  0.40927138105466559503398
0.26277509390505732200793  0.52375652991410182046650
0.66654468591629745244376  0.16839483434725313615310
0.49172890488604498182568  0.24582235433432383930885
0.45760686996281468852388  0.20470826290767094035594
0.23896200081285182137414  0.53391180445156605216539
0.94371964500458893621015  0.81959555755350532724179
0.04989570474712909375903  0.00287615880504071656787
0.61748815636033571596641  0.23504024708412599165008
0.25380160857634692650464  0.95823731038637338652819
0.56310740931104286133291  0.98562641906814019154837
0.67260929740621211436746  0.62312965682853460602786
0.72542086137711114801618  0.36616687214289178609050
0.83741399032874686003680  0.11830472811977599256750
0.50144818401962898413160  0.76894260978742623446891
0.21586132758104303874802  0.07532320827027931542386
0.17821399037643056995073  0.47863642195176164806369
0.59907973818438120527929  0.84475867675838933745780
0.64703125629901481197237  0.09080864307042613159382
0.09058103062705184782555  0.10463812579616817155514
0.29551690597809704419419  0.32954303143990365532190
0.63854993024773432086505  0.23923655051702472085218
0.14913858899340898256369  0.68844563546052461866509
0.24211270978772672646251  0.76662674535374475404126
0.92348588254465069358190  0.49591431836407368072273
0.72486405527445674223941  0.48659329139003215658477
0.48154073696655252945220  0.39747335221500756929913
0.10972294775290551693825  0.20696159834366364971281
0.76364022435789935538963  0.94713693808165233534169
0.32526632646343967003588  0.26508840791186710772465
0.71607954786907856981060  0.54112765404448270878390
0.34041161618214643702629  0.89429353824550916751690
0.01976407553058307300931  0.93949135436652753128328
0.73905221453823721766696  0.66679533229525911330882
0.03029999697129242067217  0.82963324516528902385915
0.77143345809142727098617  0.32581690341505076258244
0.15917627660519270693662  0.40998338833916159185122
0.56505345393207551119019  0.30831486559860171725589
0.09842902333402495096415  0.80716616371980220989713
0.07494161048668511460047  0.02191490541301430519661
0.30308048161821460331211  0.79980566576114187071767
0.50850819680304648606750  0.78462121905042847558320
0.19727901751048818046463  0.61823114502161324868013
0.99158281739409215305159  0.96091924186838750809869
0.56536808263760440773638  0.31684914339187048026858
0.22600764931459335627117  0.28144763004102169023923
0.85797679743635324456363  0.56641926549673982105304
0.17574116828653085775613  0.87774087343259754590008
0.50591061939760606502858  0.91479338282476807542309
0.54453620526219537190116  0.53621061683455972790568
0.74442662799005709928224  0.31596966288796146660189
0.86202752024961049048812  0.90360290459524972295213
0.72595305122712305845312  0.42708097371602476988173
0.21191776972819015290028  0.82438207456114798166169
0.23424713743582700753443  0.28685938021487528137854
0.84629697997416231114443  0.53732761905404158309096
0.08666504551035586478847  0.35480517677720879721193
0.32194883763880882687758  0.28394406302084401749752
0.97303632179882204589205  0.31353165456723963711028
0.24486330442357032155520  0.53840440397076516632069
0.63038079795911017289001  0.47087095373816367782638
0.81985203447744814386766  0.48835759539546330643134
0.03729021876924215606053  0.99559320276397900162380
0.36609846836239962053483  0.54320083816684816557796
0.91038658512308567871685  0.91063467362459504794714
0.07941145453574668944263  0.65481321264748149069135
0.22660433604689517173014  0.94143897478535720768633
0.55841611677706992633574  0.95255738773967946197985
0.36851994850138197756806  0.77033388650526013474718
0.77693946183516615633380  0.60276708593720895734691
0.05719326625447406636793  0.62323644180932846747822
0.14009470452558933639686  0.14385831176482993809529
0.97804161858653726469015  0.46204354263005942282660
0.42780237478567395559281  0.95107793991969802327446
0.77557519719729905993688  0.67266567920924424939244
0.48948234342480190228741  0.40595599515640923282689
0.14353663248174666766666  0.30933437743658870333618
0.89431359055187253925823  0.18082685125098882372718
0.30492757973490636214109  0.26041205844861087248532
0.72402768988349830436846  0.21531416485799204085794
0.17104673160754457761357  0.80343914441924502156667
0.87012737750547353154928  0.39765106765443974934371
0.74487811920460222925300  0.42854349428254340237388
0.35020845492845792401582  0.11339806724032297502447
0.19887738032214222205774  0.12714791676362413586077
0.71616515317753193237138  0.25607064704227755491672
0.75038435857295260333899  0.85625985770312129652382
0.39992895880710749301201  0.72842597669382858072140
0.31830339986751943204268  0.82773133405844279142372
0.67950391614786531668813  0.09387859706481853361293
0.50039701280202575350842  0.16898625910700590391222
0.49983459222122772480645  0.64393364574943368072724
0.47832063700925586680057  0.39414818230743903226809
0.82476049700042253221000  0.78324821674416222894166
0.65456024075604990475341  0.54878818641825954927072
0.99856238160215426979960  0.82560697236359448236698
0.35222733083750462634853  0.86868975910762780134888
0.22325803955237288889180  0.09710544957644559604937
0.29723325292450991641502  0.57346649494649215572650
0.21050351681676857107384  0.49611063324665216622833
0.70061441171011629158727  0.92666866999430053120079
0.75218128028892972114505  0.45099876981740760761852
0.78292852723176054041687  0.15211023909603721415706
0.17942474604557490103218  0.10123192709928002797071
0.97984157315447995006963  0.85892866219344021772031
0.19511052416409854770585  0.48023858549084447178146
0.02791492083478482391645  0.69494511638532630026788
0.12417223077461693458989  0.50623555784404072888094
0.08909329822710403135044  0.94893272824070074022984
0.28948377458820295782260  0.74365353898315389447049
0.49772091419329911321512  0.28804615572469594031446
0.56926051088108708952973  0.84994824503080368405250
0.15673591436666245435561  0.79251855043345997842152
0.94705369460724930785744  0.45396916729117237077062
0.36598504491429079132914  0.15755721095835659162354
0.95007980100348587981784  0.06659945615874578173088
0.08422588048699586327217  0.70226108082675420263286
0.51759822597615334771604  0.86715440818441769099678
0.85437131992279147230107  0.69702297202172824874822
0.96838633528369777447864  0.83421289261161013506296
0.55595163374950717916079  0.16349685898213500712117
0.31445147810245466235557  0.58386655504995332854890
0.85844197536746136290020  0.43862370887707158306767
0.09010211242833272848873  0.94753527359456535261728
0.38755643665211109150093  0.37958588701653567243355
0.69118881211205795978003  0.88527735131107143651263
0.66763204320689295556690  0.26044932252748370649087
0.73522559587621394427970  0.82436795757355540992251
0.05296787249528238372687  0.68227929048346325213714
0.27833712486472778069313  0.41895291787523447624153
0.83983650144181987151626  0.22841692540255231769208
0.48555237403398027185020  0.92406238239447702209617
0.93067800622930652032494  0.00315060001013362780617
0.79121679011323342578521  0.78504932615209810364831
0.70017357203186192382560  0.75960312493126980193381
0.61926221829804695140353  0.25612520578136910298639
0.92309998391340486456613  0.93371369640050161375910
0.83999176083132243153528  0.78154195881520494015859
0.37233740527757325233793  0.93009387325965509063508
0.72907723194410900546814  0.75989384192968434383886
0.30967976027619081857978  0.42026604359050562242928
0.64517119277509449304375  0.97731180348308377414668
0.68071536611798932892015  0.38039678865130843732345
0.80167976059097789676144  0.73368323861327178203595
0.06267607866911034664170  0.08001688499004434851347
0.15263615602284491545859  0.90251258011093016264681
0.30843381039259665232777  0.63818853052248647461653
0.82657496203974589743524  0.23911181662190325591943
0.64133913053262003867161  0.61779175168731792489041
0.02416114230834000980996  0.34151270209882067518947
0.37739487615292655053878  0.64342336060638694039682
0.59763790788018977817586  0.30049485960067012779717
0.57713705700688855415592  0.43762966824585092240341
0.08203681795021371125909  0.94947446228446186200500
0.36772354150550606854964  0.81111404989432267509386
0.70936830374848480751382  0.67740330178169683161826
0.23138009301916701021540  0.35453949652357935606872
0.65471510479911931845720  0.91209545913715639464669
0.73493628517488773788102  0.45639486492443592791091
0.64577869775042806566034  0.79761236384399814003388
0.53641175038014154985433  0.79841485377327303663009
0.70012494348926701537295  0.84484556077273820218210
0.43660338383009816842772  0.52669990552901291280818
0.08395737692898017079379  0.07794251389705693366938
0.14449165675066955039085  0.10811851923732018754265
0.41945521646153888228881  0.52188653336925738823737
0.75154188030936841524721  0.01709312387606740091250
0.82238139296992751603455  0.32867893685059573760654
0.45472279258757958286807  0.90441821138580247296801
0.27815339866939625679265  0.82244633409308565141771
0.71553226081446386075413  0.98752170241788106430647
0.49984963540912125123938  0.94691235429929210276612
0.34206119847579913306745  0.15456473974257928238885
0.85900781297078721010507  0.07699748318502562527410
0.61095960466701515478860  0.50478651025555398845768
0.87460984702902377918576  0.14737135458149544509077
0.30320136402882696957661  0.57473479051829068353641
0.99221691581989490682503  0.73980474785892513800434
0.10143469558164230903685  0.07617429228321383194444
0.81774726222164340061482  0.24592635233231185942770
0.18429281198619529291705  0.23720247821752096784031
0.76781288570156924766508  0.93583469229556370816425
0.25429560209358836875282  0.59019427867149665267732
0.26451362868049815846305  0.70901839468116800713204
0.49461248959163783833759  0.54266702734989435974455
0.53146472830859237124201  0.21014474994044041178398
0.53018872930211424776559  0.03131436325205227272361
0.15705710377407125499793  0.87224992824357461262963
0.18587910299463156205135  0.01606491674485845469467
0.94924741142860025178152  0.79683870812730805965884
0.52085142700041242580511  0.82385725845762403096728
0.94421006270880347699404  0.82405279102923945089287
0.39859204851025342719595  0.93642697806303709651132
0.56385753888816458889721  0.50002674409189573623280
0.01260127034625097702802  0.38160480064414664669314
0.74595309642420759566050  0.19689408233244629076175
0.61880727886166764228904  0.51376598212577684332558
0.13272877416234871161826  0.87310288095525601104185
0.10396026033161219481737  0.39724240284284689783689
0.58212127563642401817390  0.59857274992325004703275
0.93990943019274131309260  0.11358600347935501884145
0.80871749986369045881673  0.47009815902919421803929
0.14490036719706858581169  0.96577460410342297336683
0.34234808680710759887234  0.33077947019170012010747
0.98183952084828141071426  0.29159549823570785065385
0.12761817785334689245857  0.50269094738303266023394
0.11545275622767059431339  0.07182824056215036945261
0.32674373841227205561566  0.51404480473792402150934
0.00825521815952622202428  0.89060127730043658900172
0.01407154836415851033304  0.02085648850577720078703
0.27220607747892200389828  0.76002464478836606609491
0.21775057083822346726265  0.89101335634058964618731
0.27379062644848162211275  0.35047934500057220663649
0.76411623683018436992143  0.37775088678009383080791
0.74772174784341904896223  0.34623751200094704527643
0.97632363670334387784067  0.68763117757049907474709
0.45982351594596332367004  0.78504113656703433665740
0.15772933659969332054196  0.60472388314303193723731
0.75081574020479602271649  0.50007742340680094716987
0.93550335333473200183363  0.73265526058741625714532
0.79167292164250879782372  0.06312153118807893592557
0.23534620750478757456037  0.90712567787017939213712
0.13494977175022929150039  0.56208994591705963017603
0.42117048214244212633872  0.14320498990975552566773
0.45269122275183498738116  0.43524203050660065228428
0.16406147888119401723195  0.72489730023075704679059
0.19526667529496674613476  0.38181204971941751225017
0.61591065610568540567016  0.46905730174344839600309
0.73229139518565100619440  0.38002689293586972008043
0.84680818898920351411874  0.48001314256340876784890
0.72626440493681676535687  0.82313182522688610465167
0.16764432013390787035156  0.18608792041711877396359
0.60817296132825915400133  0.32537365673360119089352
0.79081180356015068344533  0.35898870106739394492124
0.82545108014040213806339  0.72631515689488279630126
0.09164396118914892863661  0.61712400178291093588712
0.78943668808296163508231  0.32699016915959777662692
0.52424967918742904071649  0.92438645983319100984943
0.88908011507665740680295  0.94542016179553245436296
0.06759144927728523433164  0.34177133782849244969526
0.38066219183647176382834  0.23165292815847923768580
0.06666863759358815366696  0.57592886713143853771868
0.61346497834355806499929  0.68257929416493479113370
0.04498616887488689902730  0.34575637306354772837480
0.06260618663514321002861  0.89179435786409044784051
0.82576951562695644071255  0.78887059157195993375211
0.71492618262531526518444  0.99341383576086439433084
0.97495851245473996726787  0.32309914395357441918577
0.31878749202880424240547  0.76577031554922936340546
0.68208784502096841961816  0.14423857216920638046886
0.49208547197845087239898  0.77373180667577856617356
0.76136257395211726084483  0.28152215959575127568471
0.10072197536971512488169  0.28561225267388495874243
0.20590861896328097047082  0.98980209044637257331800
0.23103241400375609804207  0.27350006870622750598798
0.33157342780920373570552  0.61169460630588912142258
0.50515299686470671591820  0.39824206586845317668022
0.18762347297166637183352  0.11861797474260347973196
0.08082135956772666662840  0.23260964184655325004414
0.46437434780615116647340  0.14342754620286987665700
0.12440399924498238282133  0.29014386343310766269710
0.93229813777482983816469  0.83933018233595890755794
0.28355769872831071420904  0.90725664976390851812482
0.16242932582387203943597  0.60234519122277629943341
0.67302696531313799255258  0.84451717084484045905413
0.74658376339198262439112  0.16511243682592754988825
0.61824897705495773791995  0.50794633687843859792821
0.44663459688734014063627  0.71897095242467290443500
0.79355858955232361218179  0.65254321585062113886266
0.70877304287104547775300  0.02459100355607969981553
0.92604328455684858933949  0.04034647021458785676185
0.63628560986196880389087  0.43119628142155536076885
0.43858853608304099180870  0.82390908283363517572440
0.54981425616415879886745  0.51940989565076767231488
0.05651872468018844658522  0.01418860397031000003532
0.66283744185363757672746  0.18092272392517083634544
0.30433246740341768354909  0.59513557962846741489216
0.02025290579546843924841  0.58789016613172839775814
0.50239222892671464570924  0.18268223161934046827604
0.19023535688884340988380  0.17541919377419129544293
0.02719940246418090651348  0.93681912028082603427492
0.34053163106578010488334  0.64544837951913869300569
0.44476545669360340040654  0.78716622795312019000846
0.36441933194381154192953  0.23832404624592701258834
0.43970944333808004156339  0.07319237434919569074143
0.26291504980200669505663  0.36575272789492863090288
0.11353884456378353362549  0.89920065966397555445866
0.79694900931648393616058  0.55212738111248582661972
0.72310974203194944287532  0.34676326501498150323144
0.07153727629759222550465  0.77962846671213792415500
0.36095186898529152408344  0.73437471861689107566207
0.96055119110297004780818  0.66528433638870920763253
0.32951029777969714773533  0.98080409689843850440383
0.25317450252043760539067  0.83190252670641173793342
0.16348632851777891716871  0.44340985940928095976332
0.00732172048060303597844  0.19068573098195984449887
0.38022897969010704954940  0.34785335154638313825970
0.83613411050109853750456  0.82499443638371039444479
0.13501957903384212422715  0.20055344197924873661520
0.06331848216397617523654  0.57472902237192213803496
0.27374581632844441347885  0.32623353196598287029317
0.94048175026685076893784  0.38728466135788924828987
0.22543419116429713744409  0.73743075911767352881299
0.93941204247037513042073  0.94854393366190792313830
0.08419402413265501816664  0.01094931830230602871901
0.72817239990838444896326  0.44514589311794650061671
0.74532403691919713040193  0.68872359054569320946371
0.11043022950665570824924  0.07483433423323293531837
0.66952768744413171386753  0.36360473202709331363991
0.90673686140530596055953  0.83301401596191060328067
0.80701459143637432891438  0.91405858188590904944704
0.02369974647820915353291  0.18724357066082003564489
0.26191193296663090039900  0.85983385697930769797637
0.01223800704453047692721  0.39693151200047299687057
0.06038729895855639989710  0.07555648920850664695958
0.97166053437239519041668  0.33413311528700084807042
0.40179002164015081843829  0.91214228463924595935453
0.72141777664489004084913  0.62722421280444795588238
0.64957304329125820085977  0.66082981864960388396213
0.57576814600069459171294  0.73376706742391317739305
0.67177913741757122600973  0.30394054590907904067620
0.17891296054185970576533  0.41710317387110701359276
0.99266413645477225013991  0.28934319004851544177015
0.49193750857000123621887  0.66219182343324267669971
0.65294792207560869989891  0.39867436950964590947066
0.49520583892949199267264  0.45996251304632168599440
0.31273295092989361609881  0.51890558540770115314444
0.64720608417280300894703  0.57464488389652446098665
0.37873944238700879560966  0.65944409121733349454786
0.97157639589699751336838  0.43912674134556517469008
0.73500058042584015538523  0.94323692980373130545502
0.77325985663256602276050  0.13679060160032965876020
0.85537921397731597750180  0.49467763327745611912079
0.76401481487043887419475  0.50495225726857417836158
0.15550745146139871577518  0.33978296040547217859995
0.23871932422682612395803  0.82728658887896988627375
0.64372350631455121927615  0.41763228476868585747894
0.24438976275007695537766  0.63638764276932346941607
0.70697547481720124373794  0.73632727132007813608539
0.29857946573690485880803  0.35992339642714865632911
0.13500164036406281375946  0.79378530513205813878841
0.81988590993913168514240  0.44773459129395642985827
0.31269089007409794911396  0.46709199364627340678169
0.02237947472481963823165  0.69143033246110674472362
0.12653608439794558626623  0.99395587062181711690556
0.13055707334101063210596  0.86153666482378576940704
0.93719279995988724607514  0.90381693043923794217420
0.99832726688977668771940  0.79257201393720322357694
0.39849456325103277398725  0.76234208129455427460641
0.29752427074011611463078  0.55400201471243148976242
0.10212504123436522140977  0.53624359496694229409997
0.38128860359140143154733  0.74584854801457778350482
0.95387588020128932786434  0.62567836634147833141384
0.38223619031823996561315  0.66085135455282928429455
0.36200563719589523570264  0.68081565605514482442118
0.02077475097997801001259  0.49700727755995804946210
0.47460096072154162039070  0.84066066091910962576605
0.94474186885391453483152  0.78729185126130085681240
0.30775265409972174524000  0.96712134357873413836870
0.47872218325674636973943  0.43428873849766735926181
0.96107721373488996796652  0.60927925706341823364198
0.29582540285579178584996  0.89827001322911592673393
0.51309618703699488850845  0.29415266927990718626162
0.69084202670065775198083  0.91159075028802771800684
0.05649475010880024988813  0.98836629744077397763391
0.46559276453479786495038  0.15861979180882676554454
0.52460989240771616071157  0.84688136812619929649770
0.90446833982340446578263  0.47848577214334431229048
0.47255973400201634060380  0.28670452967598314408804
0.13933712623051233703286  0.83456537119791163181759
0.96752018573112796850921  0.16011187721049036092325
0.33157264829220839397195  0.44212114645266958889991
0.00077253766393872800450  0.27631451668046158598457
0.22941299724830918616014  0.30852519176366050013272
0.24343585979353443704554  0.70813518050505552814400
0.74281393026132780388338  0.20451307306276311770432
0.31741443710281252998939  0.03863933311711965912227
0.10278308629187898892710  0.83051062413980747400899
0.33279200239702688701726  0.79362511299253679641907
0.74210137396217390470810  0.38928675297148840339645
0.78199141043331077405298  0.20769413849697174190290
0.54790654478031519669656  0.30660130237536564745682
0.05457550615750975109286  0.45237488413805837517145
0.78508707451870995974730  0.52713524062518735124883
0.73907941381404151925949  0.92442420074922226902459
0.36170061135743775126983  0.70659959907950820046096
0.08453607795971262994783  0.69327326011530743254951
0.14872074506651644654198  0.08530861562365135708497
0.96958777679576901853409  0.37813374231482566045770
0.39383380785297311676985  0.21302363658930345557962
0.08626892281988120247949  0.13664773764863971661221
0.41753670965206657328395  0.40368335992269371859109
0.17528707076575936185669  0.52031979594394550669989
0.23419398406250122035566  0.50807907362844750842612
0.31394490893648235863012  0.97629535802467515281933
0.89736582659993591182257  0.09593631890413180374200
0.18398949605598557965891  0.44527237091458976570024
0.40253762127949743732103  0.23856500267915661805951
0.89764725505264808536054  0.18762469533254610976059
0.76570024330434405257506  0.63672666840102831731230
0.11204889561610710535522  0.12740085419612046102600
0.34332626701487517495437  0.19658497357581974918084
0.82067411431142789357551  0.49204701254705296431524
0.28189358966513239357354  0.79026189110719691210960
0.87018075486187862477294  0.67572739751810551034339
0.00328552723083902487033  0.95644967768175981337464
0.81237513516674519920002  0.42082223688290559815428
0.36013303760445353196573  0.98766220639816593163118
0.94114203329251244767306  0.59432702166695472456581
0.49574127956095209723841  0.25508694176333346348429
0.57062237922596859007740  0.39310710569522672175324
0.35102326066746530885965  0.75461187574761545704405
0.83837947660981648745349  0.75356088194696269066952
0.99317687842677204734798  0.73602673119680339652859
0.94118557727950880043011  0.75887712126545470159300
0.37275339913217042653315  0.05323447242995466704985
0.88627797546157516261900  0.71607966614704565699867
0.24981944647143569659953  0.70695208977300305619451
0.20812667822843727849502  0.53171303613656806241750
0.49721398041453862548522  0.07830743309031586163460
0.20744043318901231320872  0.50049950764537765035556
0.03475711030641435994593  0.01981556789009625632603
0.92132174452828319299869  0.39489014791086790578944
0.00747777382260084774040  0.86246377735513435336401
0.98921716957782268586641  0.50321905338355299441844
0.11755071865280658505171  0.55983954880379116492151
0.89632615907877966066053  0.46857397932027183840020
0.31445142408574533465782  0.73470563522293497182858
