0.44382528329446224724109  0.09676049235126026049070
0.15883549077382100311873  0.14423598542075416473196
0.76208171935848967315508  0.38797843148372063160068
0.54830327096781850126916  0.62923829845582990305530
0.37669031991469220654878  0.05523778361046583623706
0.76985572500613319579799  0.22363979519514357030552
0.81174177807371217241439  0.39108738880189480857652
0.91221621814752751333799  0.46674154348054042173999
0.89582413662961879463609  0.51677482366411708891718
0.01129710674811951198748  0.50837633503059687090087
0.75754005590339190678861  0.36427360883181619799487
0.64586608933558042888734  0.49039472289867452881040
0.23853269370204430166460  0.34581346500004339628020
0.50768793863602357241405  0.38201182213705581203200
0.78689038650453568823906  0.27095489589076249270505
0.34104770111900178930497  0.23071566933333673143913
0.36771538824202276707354  0.49988319235848410748702
0.37495165475409086841552  0.12979710713485120843202
0.88786162384220479459884  0.92325492572190936968468
0.75903540559068105597618  0.26455194329123571383988
0.97849270979803648629058  0.52889113059681425177416
0.48819173895204054369756  0.79023448740608737139723
0.91997851939870911586183  0.40040795663390676972782
0.25697603042096645031833  0.81580265602832779947562
0.91718278029802380313384  0.26827313763474724961355
0.32417899059326338306875  0.67472283573575453363702
0.63254674646656339209727  0.97004507992884381195609
0.16511755816876774738411  0.87107944016860772151745
0.31585854492888720823629  0.67280549680479129204258
0.25309126184000224624171  0.10274893096776163692319
0.94376039269555378474763  0.59413896342466532285442
0.33346460030109836836232  0.31147578047191526451343
0.09402215531748819854485  0.70841625505518923677784
0.44127288807242776025319  0.98188377915969293763254
0.63167118077709860646252  0.20030829319744758443278
0.24643572245092862371685  0.61016389010947380544536
0.72919942379426183620694  0.73462746140296919516999
0.40039837704989983402371  0.64917794319297095206878
0.13503541757121467759006  0.65737440793652757164978
0.46498059875563746423666  0.05221819740357724892732
0.92564754557127482126333  0.78915958934890084730540
0.72694103313933178256434  0.55819429157217703707516
0.75920466881208337195375  0.89205859130809950219287
0.42927373127512341577372  0.07506321327530927900451
0.56486408764722950692772  0.68236499358078694932317
0.17781214424307092980548  0.50862448034278329167535
0.27650395653979104038100  0.51127674454416927041223
0.82010026081469855618877  0.37052611185727923892586
0.21969299959935853494564  0.26137314842146502913423
0.35240989055131088925066  0.85136418037645711365258
0.46168144208457390087474  0.59884561300223959623423
0.46152807002026963179020  0.19088086541317444977395
0.33347307393954744858533  0.86192644707016952132506
0.84005880860614534633157  0.46850849151076212617539
0.51930085454103580566709  0.30503940689612152326049
0.52072668891433937510271  0.44494839964664933962268
0.09419899577936111101373  0.24766772158800984260374
0.00314269075316502303694  0.85340366505710574251964
0.13972631243044805748887  0.43241642249394973696042
0.92846687833241503540194  0.70459040054333876845760
0.11478141560907541285363  0.10627902257548599296300
0.21321488042046077282521  0.39128537214886649486800
0.61755576711965531888637  0.03331514076949802088956
0.76181148400614573379386  0.83724876671901382607643
0.29468828965662435814821  0.11422137409179534961456
0.68861294662980965242127  0.75636973174119825902295
0.71306698755969621927875  0.15014101618441799690373
0.94725059715437265328575  0.04654006103358234586187
0.01206746325458747486070  0.78730940576051799961732
0.51504855301000573852832  0.53136831779562321287358
0.09234881219097823557007  0.03577524145868385407887
0.97631671790793383980400  0.18654780843600063389154
0.28344296351235498399035  0.97945940866109892919411
0.03995147302744513073680  0.42316927594280301372365
0.41187583068938732333564  0.96841835135986020777210
0.12775967602048055038466  0.52665724629846277782264
0.07469737346968491342736  0.34097455644094132320987
0.91794261844732916166834  0.69225314105500146411032
0.37428969767610065222385  0.67975410198781360815445
0.52950190730835400287901  0.66897798733272495486091
0.79397547654527034222127  0.21811485393816365530029
0.42534771860826187106497  0.50704246363930516316998
0.36825587012258165220402  0.37259831529697323704298
0.55358252467288748821517  0.38032333337716911492166
0.15990772059182994935256  0.06863107721723200882469
0.91169165163845367061413  0.25225653324846947223037
0.10440631914157715021130  0.88800836908072622311039
0.43880434168447013387748  0.38784928265393214807943
0.86746777727616386499676  0.47875581471191525073650
0.81101855859673510629193  0.27934360796555113282125
0.44717416560611417120086  0.93877823508287694398433
0.80600085426401391064388  0.52187153954146037193595
0.27975279105815703539761  0.72394347271134307231222
0.21412468013080054873853  0.65404248873425763211031
0.40369757423349544867008  0.74362658743915455161755
0.32302047560132129966348  0.19767305031310442031689
0.96174144137731820691783  0.74836819420958322623960
0.70471551395240961124244  0.32999731149989985912185
0.12096650950655644940479  0.25829803862529715496876
0.71032064487706902955466  0.28087423009838641263514
0.32692911584252914991566  0.62201229604986141286105
0.53313076334685582935435  0.43133543498410631400475
0.51002066466492634866370  0.97193510503132596323184
0.81918471763803846208418  0.37748844194109015814931
0.45069091927757992666059  0.63020327623477356837611
0.65683204990664123545940  0.89786508534935538516919
0.56898151085198922505271  0.46283290370499385879555
0.41973662442515446979741  0.84873430191014631596147
0.18677637595067564380003  0.63386130455595501853594
0.50277679064440394807178  0.59047395064983232426670
0.37748789152944828284575  0.82579726624572524773527
0.78814700096293677233916  0.33922933290676648976358
0.57416546045530836295256  0.49286251491534638358161
0.66922664440666634888544  0.69513196996186488174629
0.75116055354064359406152  0.37954728881807403562121
0.97600620006025129438143  0.07808966891751142891387
0.00155958486793543438763  0.50913696340710712373578
0.50942510436727905798193  0.51158024953286174163480
0.48107206797277185517103  0.32860982153965617724722
0.88906869147395184427296  0.93176298771601306913936
0.95881309777442980113449  0.54590074091493190344693
0.82962807259970716700082  0.52779460816075773887945
0.00873364461992571367022  0.24936469655920037724606
0.37652891007090399932977  0.19551002057060135053135
0.88322600111515536802642  0.87930570071530789189040
0.78598397122043373030920  0.26071389217894241907558
0.70510296649537185231793  0.57413097218337050264836
0.59994322508570885332801  0.27926842648501898347391
0.06699348663305559892223  0.26916986902671397041686
0.97440039644688380970905  0.81815404017369919298375
0.64871715831044929334581  0.95040659650713510409048
0.89624370909121064965319  0.65027674317838468631692
0.45954355944858099602968  0.40566881299282836481623
0.16185699224558519615513  0.94061562742135285120071
0.73427863499814582937120  0.05092568371953707512256
0.87237861467170463303233  0.69309173230691423217564
0.59682642463446888836387  0.70200668680575051272541
0.22088634046767202656625  0.60556006925439465060634
0.95137138336495097323819  0.59741525053857602589602
0.80107009029065723293428  0.83459738401444505395688
0.47672095078822268598984  0.58705406104542967593574
0.09531127619338747303246  0.18182391681793327875560
0.16118503276313889127636  0.69525450127909638187162
0.46109234376861357729283  0.22817851939619449019858
0.96442437077147158408508  0.43549273974983615520529
0.04633255910423237505791  0.61314152861625959012315
0.38589933579130997198803  0.94257626866110422181322
0.26341827132898304464348  0.84544289523989102352886
0.34824508118827129932171  0.42527526357456818528746
0.78605852266124376370726  0.08252371572075584138517
0.47620094729410528122671  0.65843713686728722045416
0.77561544849333141637970  0.07302737192857422510173
0.36044382367303773317957  0.99650178896100338743480
0.67858744118296887570807  0.31181520657232741911002
0.59391703903391823704538  0.47965753100796487684576
0.14641259058677247306690  0.07063798935647960797191
0.06671159205339458053707  0.24172386678015994609936
0.25246190617441288672751  0.22789662481653347181343
0.93697836805925627245983  0.71355424994302640850918
0.45607514467838927707533  0.90140273836506656923717
0.14904698969286261922562  0.50240770378262167294992
0.51454426651566487205258  0.53494632548417264672480
0.44498397197806460745539  0.77796253784464786118491
0.38038922072406355923135  0.79322905363199724959600
0.20323780141921610198352  0.16644774291964609114203
0.87575276935275303547002  0.67943874871332143872138
0.82488487978693325608504  0.65136821738042316454198
0.75246612064189566382311  0.18532870299430970195687
0.64787000587576537569134  0.43105356182486448402003
0.49714391003229835286348  0.24178704444402224216226
0.91071109283282936086579  0.64355650061907088144153
0.31242503380050185013417  0.97742268488622396915844
0.88528036739923077202974  0.56488694044057607968057
0.20531930970275741321629  0.82225873499282575718183
0.27844118991794120088201  0.66139445438114663478046
0.72366147335789232641901  0.42748817961080382010763
0.16380215769810702042264  0.23820573940789593891942
0.96243450556063769862902  0.60878613014183291518577
0.01616827725254384520714  0.34282372581903997055264
0.40201518330816887747403  0.21940607867175995759901
0.50927146873868600618351  0.27776795219526062563631
0.89884482738508131305366  0.33415634805995803047196
0.92913617004134518850833  0.65131094802697697687677
0.51948505151992896422541  0.57700617545144916586963
0.08236450938618020134463  0.01662896108656607488396
0.81879322036113277860636  0.99307560221900958996599
0.66018546170563696673383  0.13121825369597331367721
0.97049828710523355912443  0.54546582863920645145583
0.69610519413654936560221  0.17581759634232968503298
0.36772456316637086581878  0.97454638452015185379196
0.83721205072347637532459  0.09138603605860194656341
0.40203456366529433108070  0.00101420795592209694695
0.32959177593215915891278  0.36446906876027074240199
0.60980033809775502362527  0.34576005318470304228384
0.70729279457931071295462  0.01181552094026260164850
0.56516613185646302763843  0.21656426285233545958597
0.28958347360118452673561  0.46401095877588305338435
0.55072061137795480512125  0.21871964317686840018062
0.11532190633719875683116  0.07020566243222246816114
0.79572581862831759380583  0.19768641572337897205358
0.08683462351878853957565  0.61451903852378908510445
0.19076201794238856201957  0.74702008522442542304276
0.74573729268542365833383  0.16126030458196080608069
0.29248591339797058719085  0.44184248635631168111715
0.33707790092429046335809  0.66021047656434139749848
0.41638887041080224760137  0.17428995118210555137495
0.75159651308860464524741  0.81842343454175792150096
0.17530415913802765981444  0.08118828855510255848582
0.18289250283636734883963  0.78510449770144397074745
0.42694834173980555913630  0.89018529788133937685757
0.79692001864170658453901  0.99211447359626858677473
0.10674956026801353525801  0.08650349177722982396688
0.45612543190649029734018  0.65747017164596832650147
0.30522313495409819639193  0.57144733870935038311245
0.72767583407819080854040  0.10094895358241580407554
0.76913375443272935516603  0.81451045759697926484932
0.71546799210620481979106  0.95989577237511791718561
0.56153054235574351160665  0.46120528432596719081715
0.12115607649141739432519  0.85401645575371409879750
0.90304777114794021475319  0.45823397741570787156107
0.51422693231805549629598  0.31943664109308117504682
0.63252392859781347844716  0.26582344494099890974681
0.13786007516917775372889  0.80782808820150242556934
0.34701173349610142659927  0.32075257847120641763183
0.59293258543728510900905  0.77396007523590704124672
0.21093787588688445167051  0.38985260361333035072917
0.76607454836651434071371  0.31768743615489797305074
0.47635609585622146200379  0.22219997980734332299058
0.97515760826652753134880  0.78157923081031965839571
0.79364731851669367834745  0.70283344187905705258146
0.88252818439273539308232  0.56278107294942303351348
0.51734389947603642845309  0.59799617649894032389568
0.52267684485887966339135  0.07887444136611858336305
0.05920146035924622046620  0.64383292181595830339091
0.93289089758549392783493  0.96224923150718644215829
0.10206689876600490152203  0.44711782943788813682318
0.28168587260026756169395  0.73459082782947959788800
0.71294127437888699105883  0.41954594776944531542284
0.54241891556532073614960  0.05995300740932719973930
0.74029852624065173305468  0.13535150053694447458419
0.83391308264523422710823  0.95123640212753624023634
0.52520410415027485306894  0.59998763054608728051420
0.26892383828243421328708  0.00156019954083496683282
0.82218761035343057574920  0.24408144608330048508371
0.78313943081681591795729  0.61583492887012425409665
0.94691488796235756542075  0.66566761474389002373186
0.17861600135388597254682  0.46425878697273265105494
0.26366379077716906031981  0.70129284621276555267144
0.54313322880451253560352  0.32286525160207657503264
0.34512576756306262426577  0.47602412592434517613071
0.28511448264360172988319  0.44719266679472879921775
0.92314195536223331295389  0.56680035524386929157714
0.18178349415854713755358  0.63608322927545901670499
0.98634630347897589430772  0.72420240972386784594761
0.69603623668478631358880  0.72664482925396634005466
0.85955391026081229277622  0.52994931886435925338930
0.67788123138150258029100  0.38475801394542585853742
0.12993694894478513557345  0.94680506966393673806692
0.38631821395192211809899  0.95212455929821571132265
0.19088651528157596359847  0.16945764430307674874854
0.56795948770267867811157  0.13780140277827224171148
0.83512525904696677248040  0.74657548905656467841396
0.60206019021666612456301  0.09878904982413586055578
0.44786833526933023108541  0.14519341855551740061436
0.42165430142621246334400  0.79299410283239279984002
0.62121754447986254898950  0.70676878406981413771604
0.24018676916146033950561  0.54435949937643457463565
0.27356913931368342929318  0.42197026332000747705919
0.18044272818623238729963  0.25991544232699809180431
0.14617267257821406345464  0.87647896487101861762170
0.98656027158096448737012  0.00572658237336510014814
0.40642828326971658370326  0.66444150249680578035338
0.39048459678445224252386  0.53636523221450171927671
0.61124657169508123111257  0.77680281073637436062285
0.48848979104705608778048  0.80213308697665719471104
0.94626045503945110937138  0.05644927874973475895315
0.93993449022059072373025  0.78138571362075659454405
0.80302476780629938879486  0.54199467997159556098552
0.88017476344489253836656  0.25089310260996833257252
0.68718809852711304486661  0.30182906440544365889167
0.04388720544236116710701  0.30840564254131430654837
0.00859784847525779487298  0.28407397460382149967373
0.85276514191774888118402  0.28216698778894122590089
0.70604423838949026404066  0.03320786963831999505370
0.54208243011593937321635  0.85221691096770435525087
0.90968683450933862655319  0.52864270123124246225643
0.85794349380673073923731  0.31611511731339392294871
0.19308420372804821485424  0.24842809012552169445343
0.85248034952789564222542  0.80433077542312947372238
0.02523090039623477470743  0.34097014010929044269815
0.60646386239978666843342  0.97149135543568587713992
0.39741941885902520859020  0.54639835215471610485594
0.75287706859078118437623  0.20044418666532456962948
0.08839303166065040628929  0.63305183203567372274279
0.45133728927529292995757  0.77558113018776342340033
0.93488089644111738163446  0.49522449471765406237012
0.08398677226341644264096  0.94347874491637517824216
0.77929846978713690486273  0.93675191418116532382498
0.22564573223965508907973  0.48534270771096588159565
0.96995978381948533275647  0.76772816235559437902936
0.33755961821300889402764  0.87964661786316267200192
0.29637086358683689679694  0.19550311155407834595721
0.19576173471089533539846  0.48945506731488513940675
0.44393120167960004041063  0.04824208377312965562167
0.29378584227235327031025  0.46916210207583480817917
0.38921222388242010525872  0.90024970467213993874367
0.44065345704585939801134  0.78663164320710654564550
0.44664805636119470078071  0.19353052563664061014315
0.98707582987243114303055  0.53504108802184513482558
0.82658235767231436064151  0.43841311868206278568039
0.31062221774394727091817  0.76146325364777034394592
0.93363761386537813535824  0.39460899000736371355913
0.70494199856414552218808  0.71293608318685375291324
0.33136090372286780558753  0.93058773080380063902339
0.19827879043215829169000  0.30132068707669185103626
0.69831589315939501805275  0.53583840864516718571764
0.18096730447419329124159  0.99468675674623197036084
0.73134152066490687449374  0.37672903918508859888448
0.48414182359545576694870  0.17527272187884557208548
0.42497112295821826144504  0.77792766586780903725895
0.64443482442034172308354  0.81418334730629959850035
0.67817737053994897600262  0.08508828100053979215378
0.60081499004774496786041  0.12482542643548241723117
0.27861880663718041617471  0.58789081945451482358322
0.65986651492298886712007  0.10520116384383344787512
0.02630393767091629073085  0.97048873266693613803824
0.86666441795726512076214  0.95994155153629445731411
0.36509772267429985159737  0.57160641605574935564249
0.67287763425748681189731  0.69645862639716760167374
0.50219414639388870735814  0.87115642468964515909846
0.99777931393952079552889  0.20051003908762243810315
0.40699483333481234481610  0.17874661794805277170717
0.19519679536819309340068  0.13833635353405790424652
0.55547565759880268565496  0.67933861896364888810496
0.31360907541290350408758  0.98044678055702094710000
0.45726628483145792536391  0.95804389983324511614882
0.79463012739765925829261  0.13544365490574558630321
0.04313218083378494993596  0.39544511697974293884528
0.26026908134122800353438  0.32175098747096536611068
0.98333593643425776242850  0.92013559626421681514330
0.42695215178046008741575  0.00963987410517403581212
0.89062432893115295318154  0.29361656927206392087015
0.96958142564146843067618  0.25572205113979151747117
0.86522298532781327651264  0.64245905989895535359580
0.95218067753695911914491  0.36741713125604069656305
0.51361548412293911436421  0.94995999101081862736606
0.56792717080932442197394  0.92061031745775157020262
0.12870660895887139907323  0.76312396617751754313019
0.05894667052614813163025  0.68418226655767400146146
0.44246258514116637572400  0.37255574640471289526999
0.66462904664903366125372  0.89972886997262424557675
0.33059964577229677962222  0.45925917404669297505748
0.03517252441270860008338  0.37373182660608172955818
0.85470429102643596941391  0.29544160575393663137334
0.69548281454270832746545  0.83804022746069362082011
0.21557720201815347427221  0.12243496585750718308461
0.84768010156586770520448  0.10620153048364516790159
0.41605153512957110395476  0.81726152674167484857293
0.36192358162343668537275  0.28127451999172314867081
0.45972058617496891486098  0.31410425869473451720992
0.64869165124776384523386  0.97333607076356931653294
0.26406424970555314457599  0.21661882159142700765564
0.89394638775565959942782  0.39277085866442457140479
0.97974278823460581033800  0.95289305874746899061023
0.07695312475643731331409  0.42220537291011089875425
0.32544880468652059857249  0.74158217140547100232340
0.32193424241707391253442  0.65604845045881743370586
0.20084134498650271782871  0.35710676682978254037337
0.02978027706489911122234  0.05554563601293863867037
0.65254837258371911623556  0.72526309160760749072949
0.89358586347363233581831  0.86812557460187267377449
0.84769805746511461830295  0.74126596457383875371505
0.97432710508551778616493  0.26374959212902449046112
0.55852749084985231498024  0.33625068624329318422994
0.54502411212074763913193  0.01824807702482122637178
0.65035494540368898874760  0.19371576290285016930248
0.99158414778839054637416  0.91441919510924218883474
0.41033458495993846426586  0.88553053507838885849424
0.30719005330800547293180  0.39007737272888298729612
0.83842359336019656179673  0.38414317806444281400147
0.81228274563899394156152  0.16387239758105595632820
0.12572534900425250126155  0.13421698759040653903263
0.81992084850553459407507  0.32656669445641650639800
0.49132375442018905165042  0.84970112557043375733912
0.38211233046935516588505  0.14387212653824693608939
0.57496421671237996076087  0.27569819347732615888447
0.01199770114011955435274  0.42266227371183329175608
0.01696415758550360794454  0.98632480622563734051766
0.68641186584085778221720  0.57549164843535594027202
0.32257549246893052474761  0.23143597749594410628582
0.59373972546017717011324  0.97293043787261956900636
0.42515174039879427558830  0.58532387278290642917966
0.88734963251620047053336  0.83548632535873279536531
0.47085440786129534318505  0.19453968535854465615742
0.22556369762195446759812  0.30927800075583067318519
0.57868286342298747015889  0.03784644279528709409632
0.47315039880254788906555  0.70440821242723994366486
0.17206343038569363312895  0.29307124684242125134404
0.03097490641799518357180  0.66338718480588276804610
0.14277237194719369361984  0.41308723688735032864017
0.80725931180979093593209  0.71773658865957357111398
0.68878543036467643201348  0.81925701294991049028482
0.14039886190574563107347  0.70574958795018005730526
0.80558181870988654349475  0.82681072774660346880182
0.28124123638553599757728  0.12815731071315580869019
0.05824670477688624614654  0.87498096184571316769052
0.10108774812011409038881  0.48339844517568053561263
0.46030483462861965238133  0.98843738063631458867775
0.31888477053441327546679  0.93115924248991499556638
0.18297706552919795752743  0.54444846815636771530933
0.24043724278008438144383  0.76165992895218537217517
0.58229491141731615222454  0.71358764158263221499823
0.46606814137942537135118  0.75435834180300975759792
0.00665888795939222326997  0.49704304779742053410629
0.41774552660889247013287  0.14943125990658592816551
0.91013028515043215005420  0.22500483795302214651279
0.86716784856615958254622  0.59891571504944740578225
0.04426185043727134255098  0.00756671000624388034178
0.30466530299962746308751  0.84984366914715792074020
0.83437743775284733960262  0.58590653938516346066478
0.97800098032597493347140  0.89262414252973354411580
0.46088750076521539655872  0.07908872798042777818583
0.37602258770541407972843  0.92119233539383504894005
0.06752610861674235298580  0.69490735823982741070637
0.85235157741808875719869  0.25050317414594031051323
0.23935582593053383870796  0.09278882019817308313137
0.01216310309812571044397  0.82165073734784999093250
0.80637646178080535364074  0.47823124447755105403957
0.57600907915085974853042  0.81303535020585881998301
0.97527429227497164365701  0.99375460575975227417445
0.96246661011244483141525  0.88540457695974250640347
0.21875944324711310562392  0.82963445867860430293916
0.48432029200918985667457  0.26302129368438448286938
0.83720116868484817373997  0.78898559500881726425092
0.11286496236588106079068  0.67157860643769551334259
0.37489213392831949311912  0.09086594222619474858771
0.56420274850176777015065  0.83577963469353488967784
0.16995467067228381408128  0.94022533620718184987908
0.75697197008736993861788  0.23748077928902616706708
0.63513269398134797327771  0.60932354703979729748653
0.48798395343496647758030  0.87448852037754309929340
0.70211236723797043612905  0.50014705653309221577985
0.69613925725973180291817  0.50848882901877578976979
0.97837830101064326981941  0.27214833594493026414085
0.32152417875897332244506  0.95365259328561491347642
0.26590294123902125100756  0.28399078840575681104141
0.83905716977969613257216  0.48466238448613435663148
0.11362524661869986830620  0.32337746132322470193898
0.74768367817051883950086  0.95082641576920934323169
0.11236305586638072051553  0.86054864100206118759928
0.62240502174124356926654  0.48725518979470022751244
0.95141458322825589455363  0.18660776977735002435388
0.32303482448823511719027  0.12136925343487842132717
0.12683310598453184647738  0.08000679410994369911148
0.35885003272390458839425  0.76196579996587976424394
0.68933034114974101047579  0.84683398662453235328229
0.63645431987776157622960  0.39144270838771139109369
0.34698104269196328175440  0.33259357713749332363662
0.89993153740648712535233  0.32535934370260655157381
0.60474191308242353226632  0.22145571569979921600080
0.27901193652256017774249  0.87064485478710607058161
0.50544650410555602704221  0.11806910583659499525133
0.35530723880757913990536  0.61907175118991719653394
0.44144656762548095674248  0.10299091697809795165064
0.56989816649346525245790  0.55380962349186169113580
0.96353955798015911149434  0.19230318776904753441670
0.04106481328656189783155  0.91495414074275371874023
0.37891095754639753101500  0.36409963777479698032735
0.03632339417763212618961  0.50574406353092937749238
0.44410643188474069331662  0.39517342690153672846165
0.26770986349680919724747  0.13343677256882041648467
0.24200741306040782219178  0.90416418337457071796592
0.52487948095653180757836  0.58898845621803241900949
0.23675776004640280980595  0.42481101789735770113410
0.91434779992063897058330  0.84149967359448762938001
0.64626673359715691713490  0.19335973597753780550690
0.71214452791593252367619  0.15171323770271299968826
0.31142884181413277300265  0.06745176625785034851823
0.77078498889263025173335  0.75287540943961372974513
0.17044268323594830016887  0.34068315492043416137236
0.30668503293147547639208  0.13398224075044609659990
0.53298634268948175130021  0.34774984621803733952916
0.04893638149319979452345  0.91189730023587922680406
0.71184948399283431985651  0.08525977567083191377417
0.41764136376680871531875  0.15595591541191372586539
0.48043320257236865611361  0.68535122726361785705507
0.28939268798073414235006  0.72244061609843779336870
0.58951541017252739873555  0.81427216940292723723616
0.31142907185080881404815  0.82627317068459149584925
0.23908318683462365106251  0.22577687130578646956813
0.66777284381341783792152  0.88534992089744191101630
0.41913660728332430283061  0.37991737126368907428997
0.03706315813449358176346  0.73056544909745713134441
0.44736913752153939505263  0.80784814702712381961902
0.48344085853707086108955  0.61781182122314903804039
0.14853130148189669368364  0.79012589146854628197048
0.75179406197359510688472  0.68151764417137838947269
0.13787573722092236194747  0.80073044346679489446927
0.59341494394159643999132  0.84972522121375670955956
0.88599021913762676661008  0.01105630724274381422589
0.00568113616000913857623  0.36642342170999542272369
0.69640753450636172505739  0.29507382414074329046727
0.08886403734277190102908  0.28592294467888912379294
0.10934599307800922651790  0.40029310919358074283281
0.11219611489781929070109  0.34842918037829417876594
0.62606998049936724015652  0.77996895871123717025597
0.23377910081007474696335  0.04520658731703022098491
0.15988632950926492948263  0.27084225894456837036017
0.77577203641448733151265  0.60725546703080435229083
0.07869040550603084716030  0.25921289448589684978330
0.22506728778829207526790  0.22722170698792754084394
0.04933878548878188607940  0.97686135022754838619363
0.90873935115930593031663  0.18721452270970423414909
0.77759179322868199335517  0.50215429463524108300021
0.03693974345779965640091  0.66358201236630887098755
0.51321060234364612728797  0.04262087961780879757923
0.03000543361064299599517  0.20961813638434659279319
0.33769470422421332678198  0.11886947095341490743259
0.49554108106323568883056  0.44704069730222256717767
0.51916258014699567802097  0.60773719596105502116501
0.79546987768051669043246  0.14523256018070157535860
0.38770615420663084860209  0.02924897802493021600756
0.19043914749773180328241  0.54759248371589575032914
0.30009123696949857595939  0.96621118391221905152833
0.15484795074670015813112  0.37878164247552942311970
0.22542407839811595682278  0.37991523853499220564345
0.60600334946345690845249  0.27476286388689785677997
0.35677658829687936004049  0.51474270015710155146138
0.46197738706226337823679  0.13436838152556138115123
0.01689699479234264833938  0.49891713052006303463770
0.79795039389187027989436  0.53010759713598876174956
0.54153801060353312646356  0.82795582750251317527557
0.73972573352033543780948  0.87923271482774645324554
0.94682529845592811046373  0.23526681458357107112889
0.32627341166430778862662  0.46598787813726250117696
0.84300401054462603678274  0.12174328934482452069243
0.61122043831796402102441  0.23071016475125688538483
0.15099226736975474016944  0.80165958581569585206239
0.77830264846715269122512  0.45108350480491460343657
0.76787076926225361628298  0.93315059921385279384509
0.82986514728044402655627  0.99329484766036968412806
0.31306583774884505499969  0.43586849674390093500875
0.26805771154726748539687  0.66984242604572441504018
0.95061119690100248647013  0.73003509860953086363367
0.80421080757128582394699  0.96750819169334512093172
0.22895222866393263871920  0.60216120099749470551131
0.49761578836367270639585  0.77049023926746573742719
0.43011702803434664899029  0.23734152188400808869417
0.64972295362955101438729  0.37694232602461347214629
0.47260833646757915982306  0.97599636575951997929934
0.84293020416187602883440  0.31561234654654390929807
0.09773965463868326819519  0.45415064201417876255107
0.54632251129780085019405  0.24873192200843799448684
0.25581022736421332730572  0.32462515976495348590802
0.69981542681335262567899  0.02368099662646697828317
0.25777575851314504795653  0.52968057409379654121295
0.01697584382117532306178  0.57084159626199004744507
0.96554907083769747622171  0.28503355536844282580589
0.24068402230771446248525  0.91616026727303878640640
0.01506865351231240386654  0.04489482941333895055225
0.88366845896638390733813  0.24402088264190632815875
0.64705603087649499194356  0.38128424686439532642623
0.01451112144371081297267  0.07717305844518032587054
0.61862576874840347063156  0.66423407553892310772881
0.45411538493545511308014  0.09123410475032130151352
0.64023044083278179972041  0.29704558863166979909565
0.40684645176252648424153  0.73797009547146508179338
0.75119623111150979344330  0.95316896306032727892443
0.98670201747990304852465  0.00700645801006185772741
0.27779412235961953303587  0.68651744429325567420364
0.03068745463652883254113  0.53556988133842586830013
0.21619801792139095586442  0.04766329892336544638010
0.10641147713475464231525  0.18174708829342717253397
0.33269685429180823055262  0.34709549944246909092271
0.09790735510080464387705  0.34776550826978197550332
0.39199032932146932184381  0.98157581406718852345961
0.59178639091168827590650  0.03904635973230300566295
0.36286006093158390539699  0.60629751235539908194028
0.11621941817748333847238  0.98148582967998732051740
0.27053158742866084685019  0.57033480311293849318588
0.07271993443030860815313  0.91076202826144270208175
0.86738039221026952407811  0.47956638619283509239466
0.64873212326724649656740  0.61857662285611803021368
0.43273534878750113952250  0.63543414074714954509204
0.62558308086617997467727  0.71052947161278201537726
0.32195158457474393198794  0.65627053596837003901499
0.24609935248554654085851  0.53814960249613486009679
0.70393383489173544376172  0.35251082962030116929597
0.71989669078956208814191  0.03663068871788247027332
0.69960632952843160303757  0.81780404589036670426339
0.38439619698766441802107  0.09159665838423960981807
0.79937985995755522772299  0.97618258789935274943872
0.13064301811654260854212  0.16223992042347784581224
0.58248010025475183137900  0.24686243629402593313671
0.14372574963780387902190  0.85301168768341262271804
0.81719723987262571363033  0.21644568406811248717503
0.76377371594485532479979  0.68457763161723395040070
0.69601207026094757956969  0.41250583874644053405945
0.30315425400769069330664  0.12874741904844874684777
0.04793997902792877796596  0.92873733487387066798391
0.83927689066123067895830  0.36989156360267266832054
0.58500787037657941969115  0.08537624268111597414244
0.90804116609880758392848  0.28894170480265363165628
0.43788707230141715731619  0.62793785642270827374034
0.32557239398619736148177  0.13749340136418741753488
0.44574190231307497800373  0.70996859097386177950284
0.22909005974842702735295  0.24512176180496894617455
0.68615117887321452894156  0.35973307786496966365064
0.40736168222844676423122  0.26863127866230496199051
0.60659551462465688409509  0.55108743186625064325312
0.12164296588005636678975  0.42379275403162125490653
0.76753311640002441773589  0.88541668182491173322290
0.10837038518319390412170  0.46354518619531076550899
0.29792252057135221177120  0.41152463919088461130613
0.59229260524375948460118  0.34586249959928100361495
0.34026197359909393647115  0.43156949543932893176290
0.71575406366761495924322  0.92526984444133464347004
0.51694573812044497529428  0.62379522930076125586396
0.21421154877832696006301  0.95483281088752336440706
0.25173308572346952960430  0.53978394276452434930036
0.09232621178604952238977  0.69747498803654450760803
0.24975253373838612880320  0.32141627200013783705046
0.94259674984151342602701  0.93590371261160065774476
0.68114934986510744518995  0.34995843160429895846164
0.20453499080824433242753  0.28774486402410309748845
0.90104586347054960171477  0.32617795668830068533950
0.71153761805572435239498  0.66857897940491273214292
0.21159463851321239080683  0.81990800323891821488331
0.13212416560022355316306  0.50951715908456463033360
0.23143264196414156663728  0.72441677084398303776425
0.85537965868384557843740  0.57169461602889681817175
0.15598626628331199728272  0.57113372188579925037288
0.49696446000457017433405  0.67293200440375688931027
0.19492895118656053399242  0.71117600878289710664149
0.62776481482561896640959  0.44666203691003009135230
0.25095995154742151145300  0.72009102707732985937383
0.14413702448091331165259  0.50071248528580758474504
0.04150729861180638136098  0.08673377385676549200522
0.43661619743174695518206  0.72265664847691390981765
0.43669220546106446434464  0.64115118823999128760960
0.01040151250101696393802  0.33773806846595277875167
0.96732914492829202846025  0.72193913055674130418993
0.00631704787086557941617  0.17892378297584307644819
0.54184713379565963009554  0.13844121347108911956880
0.68844094206040773453736  0.77327977575980111346610
0.86285798431507221284420  0.54382060074425331297476
0.34497439132303669984125  0.01884425013272289506361
0.11495432216439131767327  0.84193885132760681866415
0.69177625500214112719277  0.30988327335095183778790
0.55311486011050403632794  0.31954106936209886180578
0.75654531026098192914020  0.80407481165792549226978
0.03963209597376738529961  0.90068233474189529630394
0.30478729647807184521824  0.08113939458557375972170
0.98741610859866069116464  0.74140349390981885591145
0.80379604352814892909151  0.42410831359406386820154
0.38255468168414880070216  0.81419755602916588088647
0.76184638252567793426095  0.34988382614677948634352
0.53613668612024589776865  0.76816343039654355617785
0.52880760958828387785502  0.07798381945024422667867
0.90660464386763262023550  0.21724855118303026957349
0.85126359567570664133029  0.76946262771704354577196
0.76106915192728352703710  0.19623798653308208161938
0.78830687831542778365446  0.87602347455733620140705
0.03817683786068895579469  0.48008313285190756802834
0.18590674744262675188722  0.59129169797119296436705
0.79962420221400642983411  0.94245205816926991282401
0.39536650916345722484024  0.83925629865343509550257
0.84313439244550392182020  0.70015380564152907005848
0.92039569323900882746869  0.83055050104416461298484
0.44155729908568658315104  0.72419173630149646925247
0.25465881417256724938980  0.82411198076983538385321
0.53838929186500106283120  0.01650519623258393103749
0.17399580645095361064456  0.07452597798524702998879
0.78466862662912750803201  0.70280341603923746074400
0.15250979743549125666746  0.69127327003109884095977
0.92005196768792907313639  0.00377339264553663931295
0.46073589774814244224288  0.68112111914955131286575
0.20001137964428000737271  0.24904277559790888307845
0.55714459324122622696507  0.23818821750496896316740
0.72912590844981650661794  0.74305134114951421064887
0.82947991547616195529002  0.52875011019816164914431
0.68550339885312294718744  0.22484642417395786506695
0.36800640838593545733914  0.52863779083296558169991
0.92500022981548690736986  0.28840210162494428480784
0.35918829141146890737701  0.36655752843551220321316
0.01259383746077951012066  0.61384710604969738856340
0.19066950873968635526978  0.55098312979144192791381
0.63035230228228134041757  0.36466531519063993815877
0.62550910777668888851366  0.41502092891140884844958
0.06746873122987744053614  0.77801890521218020069227
0.10629419847684641597940  0.98752069891780647203916
0.78179229832337815420118  0.56703009622498889985565
0.66864181760169649759717  0.98180367796765810606274
0.81607287182289778293409  0.22578641084292269680667
0.21999189500696580967798  0.54519877980705289122199
0.96883775199243693521112  0.04947181001746645684358
0.07394889000521455424408  0.65434115037989859509082
0.27431823419142431497164  0.44195529839114999770544
0.18297894074720280621627  0.19931846354124996278934
0.73035740001609428251328  0.54216723262433297314544
0.56587599197676219375808  0.74295123794253503657359
0.15601433820836912991226  0.75654550071644854902786
0.29393436726831567717966  0.78636664049065052584098
0.12121081544142719987889  0.91944347504500456569332
0.20138756893639805922724  0.18867954667130465429281
0.69746237979152347907785  0.30768176787890577639217
0.17620024512344983902423  0.47925467764924034597129
0.87471186410389456522552  0.84484206319080756841799
0.46105835515123716472630  0.69078473592679234815961
0.07062847356806903342807  0.68105025015820297440428
0.23598351526818400758501  0.03946622509484469520924
0.73052206017566945206454  0.30993240527339854795130
0.69380737547474324866670  0.00484029390143244243189
0.75188770413020988847563  0.87678631622194602712739
0.20415875744268241476220  0.48224510368064282817002
0.41895354838061776847624  0.77003474941944460852028
0.22519634115751663294702  0.57496788658898689838850
0.52658024967023187024040  0.51913070842583231012668
0.36133452707963742422947  0.64779106557732035742703
0.43857418300517564402341  0.56272209601603551121229
0.83647061224862495620869  0.13603656279669915085684
0.87040386389494117658217  0.01267085737207478655930
0.61529124044593952458371  0.74511572799883585282998
0.85751292056288241916207  0.07634959559717661992106
0.43590046345996691368185  0.92814139413095142483456
0.75739984575537955269198  0.67188397872815097677801
0.96760761922579618943274  0.48792190593104900475652
0.98181638446721075652590  0.66141499423487815079170
0.49276219983248142897381  0.73370408813175935769380
0.53820130999116289061135  0.69692095774082507553260
0.21594919134674089855608  0.95715485883744189088418
0.46695570669460839674514  0.44114553296991881881084
0.53212274496076761298724  0.99353595683050155429328
0.96027624139575107342637  0.89345727204040492619441
0.64132702194216051339026  0.39885042440092677296093
0.45617936805644043740671  0.47779763372512423780236
0.53488698719762595157334  0.32658323148572038219228
0.49046849109719903303528  0.15017822717790410558258
0.07169895901889491995895  0.34798141119442016488961
0.22652782277508071162586  0.50759942247886180588523
0.27612280485971030241643  0.98392766899612160713673
0.17948340120701278266324  0.24373042361984514903028
0.47184957446150926907436  0.16129978520856227963698
0.90514541785472324431083  0.96461177429399069804816
0.89500387334032160957520  0.44334672784588613492218
0.66153273156915448627302  0.11095306422140126245690
0.40050158621766679400977  0.12848843826376293852931
0.55209859719132003963438  0.93262433117843435148586
0.12202439462860319163706  0.51237483858707122408305
0.82608160321883927768027  0.76335141657076377441626
0.91122526298799799704398  0.28226097080961848329039
0.24114904983022672491089  0.44611224971996260579843
0.60884420229533886548268  0.73161754139308698974276
0.59629047689786673913659  0.68054316177989504499379
0.07959895212184589508020  0.82281830013860868255904
0.18814258379309559132686  0.35572175744721745704879
0.80674596866906900238803  0.36762598500010834623453
0.59945218106706266159023  0.27859554266491698415464
0.52892577020867059811593  0.50459759892178590590106
0.24320731649324639489507  0.42392964308333103140569
0.94794432676767204082324  0.90474004852806222398698
0.53488270777039359504812  0.34844591251967749201413
0.03322848632616386133076  0.08698130449605234737476
0.28107024323245055619225  0.15525288095476705296782
0.59935614308312357145780  0.10715184598562858819815
0.91860429752553085513966  0.51058140560546028119404
0.38941281679524702985518  0.15975334689009623723166
0.95669365532542283148132  0.99825701955624712713444
0.89137088828318322697442  0.55298413222328957061791
0.67880018087048088482049  0.97096984087069049262908
0.37580243189623691035806  0.86694276466357655941408
0.32669159785224666237013  0.18254840009964462543834
0.23456874966368487789303  0.92614377891930932396036
0.46114394276456160959299  0.76349451987235550376454
0.43074137737543388704253  0.70435125925780794897690
0.18742416295568653517023  0.37868570367744458504689
0.60909130732020888565614  0.72230687072608013021835
0.72713161619712207706101  0.64231979364637270535354
0.80928817522213247759311  0.00820185942957264366160
0.79757267460113978607694  0.40864431830525599353976
0.11535370541520123532919  0.71617697166100935390887
0.91922572391071621922265  0.50476652267610955249211
0.87593031901676687844827  0.87591937923613905070397
0.50302354176669550334111  0.76730120683428892913724
0.42890351099376727850299  0.18182372217151510085387
0.73827104723931802343628  0.80470594289000418886104
0.04876648636943031744906  0.06496264462590341237647
0.98725434298964886981054  0.28333523603311516758652
0.99110642401087400976678  0.44839828528854913658463
0.04682975590547069910663  0.42184780092064655399042
0.15274954408069585376495  0.23425391886115723427686
0.80053350506375242634505  0.76184085186656602672883
0.95656078958723733673963  0.52766512079521321609832
0.40416064504727750028579  0.76584896434370841600270
0.53586698022478584935158  0.20173331964841731411830
0.17449328218330314999029  0.65122068610564842749966
0.91791029130942669578275  0.09371900609401939696852
0.15598720831609666492845  0.79384060986053228692327
0.96963838533015844767249  0.65901075008279208500284
0.56114181669482110503822  0.39854189585826449437889
0.84083447225430718585670  0.29941286346847789667791
0.20324783828260742368776  0.88960095862373755881691
0.36437550856004258248433  0.19050218080659497843499
0.17293619465685272640343  0.35548193210525530494337
0.63890046609514417053077  0.21976595056232342551006
0.77732973302590180342264  0.79165001017584002429572
0.45401986942348065978692  0.57786323762399294245995
0.55349086157674476371682  0.41058065854505665370766
0.10552835841920615855827  0.95765150708968360682150
0.17642962242310383791377  0.64139533864399200790984
0.15938482627243960587649  0.35092290507206830296738
0.29261602428397909259061  0.07729511711620498659592
0.44464191116608769993590  0.44860323260007578527464
0.87113572744239853307135  0.41428029603058486030065
0.10761398221720661072531  0.43227754367155840631298
0.81282219188884929916838  0.94844845447151382433759
0.73169040714003630299089  0.01607002970579547371233
0.83804941309525138315450  0.09606591523441761204527
0.20657221051239046949455  0.01098560728644282051547
0.45154784733967290311085  0.84547267660753455675859
0.23075155784876624776025  0.22887758036557473428907
0.63712268631771329374658  0.68477142727224693530275
0.80674081798956764899344  0.19061354789445808521897
0.09535208535164226006930  0.91226917640877380755171
0.14826505451848034922158  0.27178170777474608410529
0.55366451505276581546156  0.30764988079091992734249
0.62270461284681433156152  0.84628053933674496356332
0.38494499790712494169398  0.06734652354724077194525
0.29488377193682069332681  0.25608072488386218745759
0.48162681957782566000148  0.40249775415402733180770
0.68835826855542059377058  0.29444901100101367186213
0.35094620862554115614529  0.42004867569545689676147
0.31051904070680919067726  0.18899562125513125199205
0.51611459092987443941780  0.51709125121919963241623
0.19998122854157407424225  0.96766243873520862983639
0.36256392736107295737824  0.43073278639034029424693
0.19654001863512210457330  0.99968661414444759394371
0.11550421319692591448636  0.00328083615902850225451
0.19030016157324433634379  0.21085629854856818843345
0.91555001303346361662960  0.33856521609172468556537
0.48263800632331427253874  0.46921452762056820029457
0.64621509688264466841900  0.10534261917012865961141
0.31549506649165182103900  0.03116009432410825688575
0.17268914271736943155666  0.61037883842847251436581
0.28724081967363174205943  0.65431596276085635111031
0.01287659258249988433742  0.97559908822905228031885
0.94876497376187007848358  0.36382280120804105782994
0.39564776345884788977258  0.25928401446867921364969
0.55281842246317236533315  0.91176235485438361649813
0.77637526568787884606593  0.75279965100474643957540
0.87942479312393107004908  0.13893919304895177568859
0.18353243692942541875901  0.07596481129339188731464
0.13862580672773802681341  0.29903665012635133324537
0.07924564745242039520701  0.32892596830098236315720
0.50989294867491952167882  0.99479566048588397020325
0.66749118439270704872257  0.99253095499823384972871
0.46401018764079093870123  0.31370628080969037432268
0.09787357370270116652122  0.77950525459810404704797
0.34486637513379864161678  0.27056271688573191314120
0.38988409256091532961719  0.63210719480743038367621
0.92487867964658820874035  0.40276068514341523130184
0.60770628303648266399506  0.87364365294279699991620
0.76658348635145623362064  0.00335404602966925431684
0.13292766694581492625815  0.31940190834896725613490
0.91511640088405288295803  0.90930293309935505963182
0.07220155888805238064698  0.79454119354232266569937
0.04824212568264553413488  0.25573399581747779940599
0.87050600483571460852517  0.18686793241038357482608
0.55477064594382918816251  0.94975165275379624940655
0.51579390071136588247214  0.06466359415308739477801
0.94454731277401904332436  0.18328508463841167164254
0.05719454915132119593446  0.40855750041480992651444
0.49699136544810207372080  0.15506812285402235551679
0.18806275454725265849909  0.84185774058190065982643
0.42563083973975424090241  0.57794684710816801587185
0.47396493538933104350264  0.35050951892068121784618
0.98070753271724453448144  0.08167121796015240631217
0.22415317186347821776238  0.74729101860303948079434
0.08502526398982165889429  0.35708083880929314402053
0.06669292695200672305145  0.00014166487387459020773
0.26638377144298691634461  0.13889448584005911757622
0.79468285841619723530727  0.31462589712563243660171
0.39462848212319823204552  0.66518886325191184383243
0.50149382953601606693894  0.94939912806702742020803
0.61494051554004680593124  0.01728772978172066210334
0.01406272222011476814851  0.55948782784840456194786
0.20057281442013233374588  0.07125727137143596234825
0.96804532826321443295114  0.69756417986823437971111
0.22632539422545833174283  0.15610808234480585965365
0.53942192045013515055984  0.65195623443087391546413
0.73405492991863519058882  0.01338685537380485644776
0.00246575288589380350185  0.71476246217021832674021
0.09505807333395727143355  0.22661892474937203600938
0.46205348030759652022681  0.18008333732377893032783
0.58369976402432643958207  0.52874640725960320164489
0.18022500219765352769130  0.85008353546731341143783
0.66764089356532363428443  0.97490786107951210581746
0.16470943259294584803953  0.06226937522286054432774
0.64009672386576266234215  0.66620326212896185946732
0.01166850282422662865578  0.25503723894014823647680
0.68349099237634380887840  0.02573122504434139853902
0.81452506678855285393581  0.88406380679647611486871
0.09698849641577736435671  0.78257039505176728688696
0.58162798666471060560212  0.32331389110689695565171
0.93867847739657317429618  0.12104990664918437170972
0.97527012553777081560469  0.67273340684954696655495
0.13443676202298923683109  0.97773587842366471711841
0.38749586855410406149858  0.22949483535694648050907
0.20435480317303669761664  0.84954934932736181352197
0.40957817268072543859248  0.78805456719736310944313
0.37829575612130378337028  0.58980317534404025359152
0.63813810219901523357322  0.04593664922096610259139
0.56471103595789107210123  0.80284753479196113712391
0.10820602444382665385803  0.20480775935799244713564
0.46905079692092294108008  0.11987452773371456982154
0.45984499829814068361244  0.15254178883160549040632
0.14560575277805595795222  0.27437006462103225024052
0.03660559516242034572286  0.24259424965949460961667
0.05694045920713826369752  0.61823358182713095132499
0.56590814076639162077953  0.99561893706937265591250
0.73928348847631530915692  0.54117826583850114907648
0.66835234345325844618202  0.87372025049930446272128
0.51891414379650457888715  0.05584821200736249380281
0.10321508539058971143376  0.72326894696954124874821
0.90539756133472437671372  0.51279325853697643733398
0.51132351370124307088361  0.28369331699036681726511
0.10259643341535536198439  0.14946161590025835996798
0.32962996667699423491982  0.66730746937324636469668
0.95230915069221944158073  0.43783599112082083326669
0.87211522873123881183233  0.42135994714748109535307
0.55771051885453537533266  0.33196022656371826364818
0.57390173597908655800381  0.70331627209825264834819
0.60633029118475056939985  0.61050733160716819103442
0.94591052175774725796487  0.66327075085755005101618
0.22874091296863785505167  0.51181866205847759143666
0.65888968746126153064324  0.96802440191061445151632
0.05299692743131748096097  0.32724203044885863400637
0.84174465194425762692987  0.57191107122782203209255
0.38309024245622114168697  0.94495973780050857016022
0.29518001819736322532961  0.28848780332528417558180
0.45775299587182372018646  0.80650353189860635172437
0.57218112078131233566580  0.56034942928717912380421
0.95596514779886465618119  0.90181108745830651507447
0.22765689819476422894873  0.90827429849108420878423
0.33964707811346606103342  0.09977212646034179510668
0.32963424517290396131841  0.89735759743366283469612
0.43173235302406004487707  0.90353598161765191765227
0.60067386906625419573658  0.03806264374314930615251
0.51404331275915882137895  0.54658439035834016639370
0.70133339460069932247421  0.74278422572779667643061
0.05840305195115648440041  0.36022308159629956580972
0.71080862717274972961690  0.11139997938247396536138
0.68746511251081954263498  0.55255327911700735654676
0.68331105061029595582056  0.07055535450137935538084
0.49751301645185475042155  0.97849106880765923666132
0.35904315829232480439259  0.95526601232367847060800
0.78499460070626558838569  0.93122427907363714005839
0.51561544114519630710447  0.74095974803946895725915
0.83303536606628236782512  0.74327233933996050829762
0.64923404606489187873564  0.17268244371408711379523
0.84304446580030234503766  0.97886829170345712736179
0.07004004068208860567246  0.27477681835870110260700
0.88240427285544775770632  0.67071390974834277365346
0.31283946210185042957619  0.39644758514894523626637
0.21729829964102168049500  0.01417285670254978154070
0.13923181041108062538925  0.27570135159217817877320
0.37439593829884937337127  0.85004043804949169782503
0.38710133097465210250121  0.06186105034400758012625
0.40259371670083782257521  0.07041238158494809995513
0.13241640531104822975372  0.90010673315269251748560
0.04890344992694605624761  0.49145956360337306190189
0.85537274501070970078587  0.83389805063321165157220
0.42268384221134885914140  0.37098818569024472058260
0.57485779867268060883134  0.25571920781196988414763
0.11426052456454398320584  0.22409184427191122801482
0.42840165152605702569844  0.95730499036484628661015
0.20296013550970709582444  0.49844169267380689092306
0.23208180825788612966498  0.08536440789949353846744
0.16915560195648837726878  0.54492127035973647597444
0.48181199304843880248939  0.38645390206317131731595
0.55909412706228633904715  0.62104380392518077069752
0.66215525365534944057799  0.93349006582679694421500
0.47108424150901112570367  0.04925658463000160552925
0.99535111617080451740236  0.87367795820984894827888
0.11966896621494971242328  0.12776752101619145984834
0.77378469089688017845674  0.16857241614189577560978
0.61922708461956454950581  0.62915743544192870295717
0.00247046677510741503891  0.04191092636525208664500
0.00014562066651211151222  0.57732826544778803601332
0.29763013417722200548710  0.11440614523105609168230
0.80142010971969934729486  0.72603178616894026298212
0.07171113513024110486249  0.00438024522940639628177
0.22447347837708586659744  0.30379294338812723452747
0.08974465312889993995338  0.39362908033357424386622
0.84871421374786371050192  0.57155664664299998811714
0.78008298239674556118217  0.40780834081015004954907
0.19260045010251944375135  0.44223823605209505727132
0.34129840617128576196748  0.66368469161153054169944
0.49149482068209665586167  0.33664952187642899206210
0.53736264935571820267057  0.61116378689704642379610
