0.32349620044557025888565  0.80343028046510212014653
0.33289590136417734900220  0.37730033265175327850116
0.22397534104434338453338  0.60911893063142796833631
0.58388012329477823048052  0.05160679952391124952760
0.62419507431257059693053  0.02365184484389782487712
0.84041871395001066513686  0.74446852015747555508796
0.26993621631519515435826  0.57960753196813863397097
0.69481490524002809117121  0.60887478255561999773704
0.41151158177434615792478  0.89788506729331341027489
0.66942350535599837169087  0.42210150456251716022393
0.18436231574449904457857  0.66997283852656641656154
0.89538254951628160061006  0.67406231879635003512163
0.96899319437238684571412  0.70439771721549115923722
0.59810174871059296197728  0.23587755973998231207034
0.00982696005127109591115  0.19382305368205815510052
0.92065187536240733479076  0.01483199560533463544354
0.07586901455732901478068  0.85940122684408093434172
0.11618396557512131184176  0.50181585131382178133208
0.44291512802514726443448  0.12793359172338022999860
0.64101077303384501604455  0.61763359477523116503050
0.97982726523636587412369  0.99896237067781612495310
0.17883846552934354323661  0.76451918088320569566463
0.61919003875850708862316  0.75688955351420639239279
0.12860499893185217690217  0.48860133671071503957961
0.99441511276589256151937  0.18591875972777488490451
0.58561967833491013202263  0.66051210058900722277286
0.52354503006073183080105  0.44242683187353132323594
0.34885708182012392652993  0.57927182836390267439697
0.72206793420209358647099  0.24216437269203772153503
0.98431348612933744490761  0.90661336100344858124345
0.02520828882717368255029  0.51820429090243236291968
0.47669911801507613979823  0.83745841853083891059839
0.90148625141148108763645  0.20548112430188908428264
0.49989318521683401286282  0.41300698873866997784532
0.53810235908078252187181  0.30912198248237554576434
0.83806878872035894811887  0.38285470137638477616804
0.88039796136356696099057  0.91158787804803609322590
0.98840296639912106346770  0.52174443800164804763142
0.30564287240211185370242  0.27597888119144259322368
0.47639393292031617654914  0.80809961241492966887989
0.71315652943510243755298  0.70122379222998754144669
0.91586046937467568973545  0.36982329783013395685387
0.31131931516464733666893  0.28504287850581377927739
0.34379100924710837006160  0.60423596911526844532858
0.88351084933011869715358  0.25214392529068879733600
0.86223944822534870358055  0.37763603625598923807516
0.81353190710165712573598  0.00234992522965178380484
0.11770989104892116972056  0.71172215948973049925996
0.65211951048310801137831  0.53627124851222263135497
0.65022736289559612821165  0.86214789269692071460582
0.50584429456465340724236  0.41358684041871396352974
0.64217047639393287639109  0.19614246040223395906033
0.02929776909695730457983  0.90151676992095708396135
0.09927671132541886211964  0.77523117770928062775226
0.30225531785027620612638  0.46824549089022493575385
0.99423200170903658356991  0.04898220770897549619649
0.37266151921140172609270  0.27890865810113835143724
0.40443128757591478850131  0.56688131351664783341704
0.74718466750083922800485  0.84945219275490579935450
0.17535935544907987893026  0.11340678121280556300832
