0.95883053071687973645254  0.85180211798455762739479
0.73787652211066012686302  0.27292703024384290522164
0.92324594866786702240802  0.19934690389721365644249
0.20911282692953275796910  0.60841700491348005286341
0.79607531968138678379887  0.56224250007629628100858
0.31867427594836267301659  0.25714896084475236115452
0.20078127384258553922436  0.44569231238746298551234
0.92452772606585897907649  0.02456740012817773891052
0.08294930875576037032637  0.42735068819238869464172
0.54994354075746942900338  0.07187108981597338519531
0.26621295815912349169707  0.61510055848872335904076
0.63551744132816556653864  0.28476821192052981235321
0.97079378643147073990605  0.21591845454268013271282
0.45722830896938992939482  0.64427625354777673383211
0.32630390331736197628842  0.12247077852717673518423
0.99194311349833674817944  0.75566881313516642837413
0.41019928586687826044255  0.92345957823419899668238
0.51106295968504900084639  0.19168675801873835684574
0.84234138004699854462842  0.24408703878902554551544
0.18439283425397504090348  0.80697042756431780485826
0.46781823175756098720512  0.82293160802026432687484
0.47459334086123233786836  0.67867061372722559120518
0.15897091586046938060939  0.23105563524277475395685
0.60423596911526844532858  0.83104953154087957134522
0.26743369853816340020458  0.64055299539170507117092
0.87618640705587935713083  0.39893795587023528348425
0.75826288644062622701369  0.54744102298043761933855
0.12878810998870815485162  0.38731040375988035062704
0.55656605731376074253092  0.85656300546281316510289
0.10711996826075013966584  0.68251594592120123916601
0.13849299600207526372841  0.23352763451033051178563
0.03146458326975310609841  0.47184667500839261311540
0.89767143772698143600053  0.13098544267097994575622
0.14432203131199072831947  0.72765282143620102495163
0.31803338724936675019350  0.39436017944883572372561
0.51704458754234439155084  0.91195410016174804912481
0.48478652302621538794369  0.85451826532792141133399
0.89785454878383741394998  0.55803094576860867714885
0.96438489944151128963057  0.81267738883632922863853
0.88164922025208292133414  0.88552507095553456561987
0.58482619708853422757500  0.82415234839930417987119
0.18366039002655110135009  0.10452589495529038265964
0.14789269692068238160054  0.68739890743736076217374
0.29792168950468461696701  0.56581316568498796204523
0.60390026551103248575458  0.04406872768333994910828
0.32135990478225046063088  0.41254921109653003297169
0.72087771233252972979955  0.49690237128818626199944
0.22547074800866725996507  0.89077425458540604452651
0.77892391735587629408855  0.65135654774620810325558
0.35657826471755121877649  0.97384563737907037239694
0.32132938627277446430597  0.98727378154850919944607
0.44560075685903499653762  0.45771660512100587059336
0.49375896481215858502267  0.96685689870906710297049
0.90896328623310040928374  0.18350779747917111972555
0.00201422162541581468986  0.28543961912900173150121
0.72176274910733362322190  0.54274117252113407428027
0.22089297158726767245085  0.67085787530137030998389
0.64452040162358470443138  0.92233039338358713266075
0.48417615283669546144552  0.13779107028412732049993
0.08456678975798821717991  0.24530777916806542626738
