0.27466658528397475125260  0.80150761436811424065496
0.72414319284646133656480  0.22574541459395122688925
0.07586901455732901478068  0.46998504593035678178481
0.92645039216284674754576  0.72426526688436532186444
0.07864619891964476361412  0.52333140049439985652668
0.91140476699118011527645  0.34418774987029632228541
0.46522415845210118856556  0.71233252967925042575814
0.03457747123630482144474  0.69502853480636006544557
0.87841425824762719987149  0.19495223853267007463330
0.06274605548265023424737  0.25443281350138857721532
0.05157628101443525320269  0.77150791955320907611338
0.09375286111026337465546  0.73326822717978457077947
0.33921323282570881030296  0.41813409833063752696347
0.58018738364818267516654  0.12961210974456008337974
0.17877742851039155058679  0.02609332560197760025877
0.73763237403485215626375  0.62929166539506209421262
0.01571703238013855488675  0.75170140690328679511367
0.11911374248481704229974  0.00726340525528733176042
0.72255623035370952766954  0.88421277504806661262649
0.63661610766930143423536  0.68834498123111664824592
0.04321420941801202425525  0.63744010742515333500791
0.81124301889095740136781  0.12134159367656484340703
0.09433271279030731870652  0.77150791955320907611338
0.53303628650776690989233  0.62483596301156651975361
0.45408490249336219690690  0.45081942197943053463050
0.11203344828638568675405  0.35917233802301096190490
0.87032685323648795172602  0.24472792748802149609411
0.90127262184514911336208  0.58207953123569444731089
0.11917477950376903494956  0.67693105868709368966307
0.27353740043336283171982  0.84365367595446638659951
0.04516739402447584456057  0.22989593188268683809916
0.23285622730185856488205  0.27677236243781855318247
0.31431012909329508753231  0.21097445600756858929969
0.44190801721243933020133  0.64009521774956512629728
0.91119113742484814100209  0.38550981170079651194627
0.94680623798333685137152  0.26844080935087127892658
0.91158787804803609322590  0.78435621204260386196694
0.38019959105197304038981  0.58842738120670190493655
0.56184575945310832878477  0.59092989898373360357908
0.92452772606585897907649  0.35407574694051940911166
0.19580675679799799948633  0.51521347697378461205631
0.81585131382183295745136  0.26007873775444806385693
0.02111880855739005705130  0.55961790826136048604411
0.67021698660237438716081  0.08761864070558793293753
0.30594805749687187246266  0.58436841944639428270136
0.41346476638080997823010  0.04016235847041230849763
0.99716177861873223076117  0.57741019928586689857752
0.09582811975463118026042  0.42454298532059692172780
0.30149235511337624249251  0.03601184118167669034882
0.37250892666402174446816  0.33433027130954923178408
0.26108584856715599809007  0.36579485457930233094359
0.93142490920743425952821  0.49125644703512683086899
0.85387737662892548851090  0.70360423596911525478959
0.64976958525345618333802  0.90096743675038915011299
0.65117343668935212530613  0.07028412732322153466669
0.76006347849971012120562  0.47975096896267588331142
0.56282235175634021118185  0.26041444135868402343092
0.80724509414960177178244  0.30805383465071567439253
0.70155949583422350102069  0.37360759300515761216488
0.67818231757560965000664  0.66716513565477464364761
