0.14535966063417463112195  0.07339701528977324307412
0.21979430524613177699855  0.41441084017456586430228
0.15341654713583788294251  0.79555650502029484627542
0.30866420484023560089071  0.89968565935239719344452
0.88924832911160622828106  0.67140720847193824383226
0.45670949430829799187137  0.05243079927976317805571
0.86883144627216402078318  0.73342081972716455240402
0.32508316293832206778092  0.11432233649708548051116
0.19205298013245034050023  0.70781579027680285864932
0.15732291634876552355315  0.58751182592242190416698
