0.98399653145298204837133  0.60841674479116536478074
0.05436389290465223206317  0.22392632496726061486214
0.89831019793558408714773  0.92787987549224859584740
0.53045789689312594639148  0.57446108319538691233674
0.37177543499124021675328  0.99825397133745907840563
0.00994623825417190708664  0.79168664887160367094054
0.87283314758578001146816  0.79893155945415217367156
0.65723918641788847683216  0.48872527689147987617346
0.06529671096489611525904  0.41933128303817068793791
0.35664749488078406614022  0.03086103546938907121744
0.83907420180694858302672  0.94235760855598260654631
0.58156960205248076078988  0.74899951217183824425661
0.54731877592733069182174  0.65006404353774338567007
0.23546639840838798352074  0.50330835976791954422538
0.34561861508787544705612  0.65031583125252079291556
0.92283592881766884907790  0.32961514654085743991629
0.25873257557802487038856  0.97719982172232111583554
0.55354147150811805477844  0.15704277304794769798413
0.90507969674890842437520  0.08399936793558269998439
0.73150385624333469358760  0.27685513174014869663964
0.08225333880738044944891  0.74145009449750653995892
0.06854178014609114966138  0.95508648685882169271366
0.54038165348599742632274  0.72578096656397961261575
0.44381176328464028157939  0.60567836491655480113394
0.14511224913648901324592  0.80045925816542429220846
0.63653940038594392092364  0.98418645094343759627264
0.74281686672140700977707  0.21810900197276333889462
0.73318596264961455322151  0.29013564218307641429107
0.86817304597616806738358  0.96865236105800245347552
0.79344400241665724582418  0.21379166059838219937639
0.61896819184486207010565  0.71627993076866491861665
0.54340680713923961153711  0.87770076788854822780195
0.69347975202532474714445  0.09694827864735772182669
0.03474354047083461072276  0.59855944877423317151965
0.18094764658294043568887  0.76624739717983059161810
0.87541458051438192367044  0.26320098585598217244552
0.50769749121167584426928  0.94395636066047305945403
0.21828747224914257785144  0.04807914469767322201976
0.66973732722445267206979  0.66209923553378280391968
0.65375750961422807172596  0.81484957636094168531571
0.46255849323354591984270  0.29029690953451064983071
0.79903602730437928158835  0.20537535948929161455645
0.50840591150727398872533  0.53222198948833254750213
0.49551100213802934391083  0.37657895701778071329002
0.50087435054633500097765  0.28895500408902530242727
0.59037061808182422772973  0.11984254192553578377556
0.00523493439202892332784  0.13377742475540257971467
0.99754330981408401157751  0.69871468641735368088064
0.23072570340276030154136  0.03228685028491860842248
0.29727413472592556509255  0.41167335045136199678240
0.79853424746474910289606  0.17268871477464620145525
0.67487433630734416922792  0.30623173821076365985761
0.11664507543511924703150  0.89316180855648674707936
0.35431088290843687493847  0.78638240265957193297908
0.55526104362460837471360  0.00806839205700363680529
0.60123197855485233098705  0.01781953639249295867630
0.29836530159151430918740  0.40026800539357026975651
0.22319489634744585360160  0.80677121356444958522047
0.93248999534756416007752  0.71870589848547516975685
0.18335017011656898344718  0.43336434542823787374743
